1.84,5.28,10.05,15.96,22.82,30.41,38.58,47.24,56.28,65.59,75.14,84.89,94.81,104.85,115.04,125.37,135.83,146.40,157.09,167.91,178.83,189.82,200.89,212.00,223.09,234.10,244.98,255.70,266.19,276.41,286.38,296.12,305.63,314.91,323.99,332.89,341.57,350.04,358.34,366.60,374.84,383.04,391.18,399.30,407.46,415.68,423.95,432.27,440.66,449.14
557.58,567.00,576.44,585.89,595.34,604.78,614.21,623.62,632.99,642.32,651.61,660.84,670.02,679.12,688.16,697.13,706.02,714.85,723.61,732.32,740.97,749.57,758.14,766.67,775.18,783.68,792.18,800.68,809.21,817.76,826.36,835.00,843.71,852.48,861.35,870.30,879.35,888.52,897.79,907.19,916.71,926.36,936.14,946.04
1051.60,1062.70,1073.90,1085.10,1096.30,1107.60,1119.00,1130.40,1141.80,1153.20,1164.70,1176.10,1187.60,1199.10,1210.50,1221.90,1233.30,1244.70,1256.00,1267.30,1278.50,1289.70,1300.80,1311.80,1322.80,1333.80,1344.70,1355.50,1366.30,1377.00,1387.70,1398.40,1409.00,1419.70,1430.30,1440.90
1558.10,1568.80,1579.60,1590.30,1601.10,1611.90,1622.60,1633.40,1644.10,1654.90,1665.60,1676.30,1687.00,1697.70,1708.40,1719.00,1729.70,1740.30,1751.00,1761.60,1772.30,1783.00,1793.60,1804.30,1815.10,1825.80,1836.60,1847.50,1858.40,1869.40,1880.40,1891.60,1902.80,1914.20,1925.70,1937.40,1949.20
2063.50,2077.10,2090.80,2104.70,2118.70,2132.70,2146.80,2161.00,2175.10,2189.20,2203.20,2217.20,2231.10,2244.90,2258.60,2272.20,2285.70,2299.10,2312.40,2325.60,2338.70,2351.70,2364.60,2377.30,2389.90,2402.40,2414.60,2426.70,2438.60
2556.90,2566.90,2576.90,2586.90,2596.90,2606.90,2617.00,2627.00,2637.10,2647.20,2657.40,2667.50,2677.80,2688.00,2698.30,2708.60,2719.00,2729.40,2739.80,2750.30,2760.80,2771.30,2781.80,2792.20,2802.70,2813.20,2823.60,2834.00,2844.40,2854.70,2865.00,2875.30,2885.50,2895.70,2905.90,2916.00,2926.10,2936.20,2946.30
3057.50,3067.70,3077.90,3088.10,3098.30,3108.60,3118.80,3129.00,3139.30,3149.50,3159.80,3170.00,3180.30,3190.50,3200.80,3211.00,3221.20,3231.40,3241.70,3251.90,3262.10,3272.40,3282.60,3292.90,3303.20,3313.50,3323.80,3334.10,3344.50,3354.90,3365.40,3375.90,3386.40,3397.00,3407.60,3418.20,3428.90,3439.60
3558.60,3569.40,3580.20,3591.00,3601.80,3612.50,3623.10,3633.70,3644.30,3654.80,3665.30,3675.70,3686.00,3696.30,3706.50,3716.60,3726.70,3736.80,3746.80,3756.80,3766.70,3776.60,3786.50,3796.40,3806.30,3816.10,3826.00,3835.90,3845.80,3855.70,3865.60,3875.60,3885.60,3895.60,3905.70,3915.80,3925.90,3936.10,3946.30
4059.40,4069.60,4079.90,4090.10,4100.30,4110.50,4120.70,4130.80,4140.90,4151.00,4161.10,4171.20,4181.30,4191.30,4201.40,4211.40,4221.50,4231.50,4241.60,4251.70,4261.80,4272.00,4282.20,4292.40,4302.70,4313.00,4323.30,4333.70,4344.10,4354.50,4365.00,4375.50,4386.00,4396.40,4406.90,4417.40,4427.80,4438.30,4448.60
4558.10,4567.40,4576.60,4585.70,4594.60,4603.30,4612.00,4620.40,4628.80,4636.90,4645.00,4652.90,4660.70,4668.50,4676.20,4683.80,4691.40,4698.90,4706.50,4714.20,4722.10,4729.90,4737.60,4745.40,4753.40,4761.70,4770.10,4778.40,4786.80,4795.10,4803.40,4811.80,4820.30,4829.10,4838.10,4847.10,4856.00,4864.70,4873.20,4881.40,4889.40,4897.20,4905.00,4912.80,4920.60,4928.60,4936.60,4944.60
