1.84,3.44,4.77,5.91,6.85,7.59,8.18,8.66,9.04,9.31,9.54,9.75,9.92,10.05,10.19,10.33,10.46,10.56,10.69,10.82,10.92,10.99,11.06,11.11,11.09,11.01,10.89,10.72,10.49,10.22,9.96,9.74,9.51,9.28,9.08,8.90,8.68,8.46,8.31,8.26,8.24,8.20,8.14,8.12,8.16,8.21,8.27,8.32,8.39,8.47
9.39,9.42,9.44,9.45,9.45,9.44,9.43,9.41,9.37,9.33,9.29,9.23,9.17,9.11,9.04,8.97,8.90,8.83,8.76,8.70,8.65,8.60,8.56,8.53,8.51,8.50,8.50,8.51,8.52,8.55,8.59,8.64,8.71,8.78,8.86,8.95,9.05,9.16,9.28,9.40,9.52,9.65,9.78,9.91
11.01,11.09,11.15,11.21,11.26,11.31,11.35,11.39,11.41,11.44,11.45,11.46,11.46,11.45,11.44,11.42,11.39,11.36,11.32,11.28,11.22,11.17,11.11,11.06,11.00,10.94,10.88,10.84,10.79,10.74,10.70,10.67,10.64,10.63,10.61,10.60
10.73,10.74,10.75,10.76,10.76,10.76,10.76,10.76,10.75,10.74,10.73,10.71,10.70,10.69,10.68,10.66,10.66,10.65,10.65,10.65,10.65,10.66,10.68,10.70,10.72,10.76,10.80,10.85,10.91,10.98,11.07,11.16,11.27,11.37,11.51,11.64,11.79
13.45,13.61,13.76,13.88,13.98,14.05,14.10,14.12,14.12,14.09,14.04,13.98,13.90,13.81,13.71,13.61,13.51,13.41,13.30,13.20,13.10,12.99,12.87,12.74,12.60,12.44,12.27,12.07,11.88
10.08,10.03,10.00,9.99,9.99,10.01,10.03,10.06,10.09,10.12,10.15,10.18,10.22,10.25,10.29,10.33,10.37,10.40,10.43,10.46,10.48,10.49,10.49,10.49,10.48,10.46,10.43,10.40,10.37,10.34,10.30,10.27,10.23,10.20,10.16,10.13,10.11,10.09,10.08
10.17,10.18,10.19,10.20,10.21,10.22,10.23,10.24,10.25,10.25,10.25,10.25,10.25,10.24,10.24,10.23,10.23,10.22,10.22,10.23,10.23,10.24,10.25,10.26,10.28,10.30,10.32,10.35,10.38,10.42,10.45,10.49,10.53,10.57,10.60,10.64,10.67,10.70
10.85,10.83,10.81,10.78,10.75,10.71,10.67,10.62,10.57,10.51,10.45,10.39,10.33,10.27,10.21,10.15,10.10,10.05,10.01,9.97,9.94,9.91,9.89,9.88,9.87,9.87,9.87,9.88,9.90,9.92,9.94,9.97,10.00,10.03,10.07,10.10,10.13,10.16,10.19
10.28,10.27,10.25,10.23,10.21,10.19,10.16,10.14,10.12,10.11,10.09,10.07,10.06,10.05,10.05,10.05,10.05,10.06,10.08,10.10,10.13,10.16,10.19,10.23,10.27,10.31,10.34,10.38,10.41,10.44,10.46,10.47,10.48,10.49,10.48,10.47,10.45,10.42,10.38
9.46,9.33,9.20,9.06,8.92,8.77,8.62,8.47,8.32,8.19,8.06,7.93,7.81,7.73,7.69,7.65,7.58,7.53,7.58,7.72,7.83,7.80,7.73,7.79,8.03,8.28,8.39,8.38,8.35,8.32,8.30,8.37,8.57,8.80,8.94,8.97,8.91,8.75,8.48,8.19,7.98,7.85,7.78,7.78,7.87,7.98,8.01,7.97
