1.67,4.61,8.61,13.47,19.03,25.15,31.68,38.53,45.61,52.84,60.12,67.39,74.60,81.72,88.77,95.86,103.29,111.24,119.82,129.12,139.18,150.02,161.63,174.00,187.08,200.83,215.19,230.06,245.30,260.71,276.05,291.22,306.23,321.07,335.74,350.25,364.59,378.78,392.81,406.69,420.41,434.08,447.77,461.50,475.21,488.84
502.32,515.66,528.85,541.89,554.79,567.55,580.18,592.81,605.64,618.85,632.48,646.42,660.41,674.28,688.01,701.59,715.02,728.31,741.45,754.45,767.31,780.03,792.61
805.05,817.35,829.51,841.53,853.42,865.17,876.78,888.27,899.68,911.07,922.51,934.06,945.75,957.62,969.67,981.94,994.42,1007.10,1020.00,1033.00,1046.10,1059.20,1072.20,1085.00,1097.70,1110.30,1122.80,1135.10,1147.20,1159.20,1171.10,1182.90,1194.50
1206.00,1217.40,1228.70,1239.80,1250.80,1261.70,1272.40,1283.00,1293.50,1303.90,1314.10,1324.30,1334.30,1344.20,1353.90,1363.60,1373.10,1382.60,1391.90,1401.10,1410.30,1419.40,1428.70,1438.00,1447.50,1457.10,1467.00,1477.10,1487.50,1498.10,1509.00,1520.10,1531.60,1543.40,1555.60,1568.20,1581.30,1594.80
1608.80,1623.10,1637.70,1652.50,1667.30,1682.10,1696.80,1711.30,1725.60,1739.80,1753.80,1767.70,1781.40,1795.00,1808.40,1821.70,1834.80,1847.80,1860.70,1873.40,1886.00,1898.40,1910.90,1923.70,1936.70,1950.00,1963.60,1977.40,1991.20
2005.00,2018.70,2032.20,2045.60,2058.80,2071.80,2084.80,2097.50,2110.10,2122.60,2135.00,2147.20,2159.30,2171.20,2183.10,2194.80,2206.40,2217.80,2229.20,2240.40,2251.40,2262.40,2273.20,2283.90,2294.50,2305.00,2315.30,2325.60,2335.70,2345.70,2355.60,2365.40,2375.10,2384.70,2394.20
2403.60,2412.80,2422.00,2431.10,2440.00,2448.80,2457.50,2466.20,2474.70,2483.10,2491.40,2499.60,2507.70,2515.60,2523.50,2531.20,2538.90,2546.40,2553.90,2561.20,2568.40,2575.60,2582.80,2590.00,2597.30,2604.80,2612.50,2620.50,2628.90,2637.60,2646.80,2656.40,2666.40,2676.90,2687.90,2699.20,2711.00,2723.20,2735.60,2748.40,2761.30,2774.20,2787.10,2799.80,2812.50,2824.90,2837.30,2849.50,2861.50,2873.40,2885.20,2896.90,2908.40,2919.80,2931.10,2942.30,2953.40,2964.30,2975.10,2985.80,2996.30
3006.80,3017.10,3027.20,3037.30,3047.20,3057.10,3066.80,3076.40,3085.90,3095.30,3104.60,3113.70,3122.80,3131.80,3140.70,3149.50,3158.30,3166.90,3175.50,3183.90,3192.30,3200.60,3208.80,3216.90,3225.00,3233.00,3240.90,3248.80,3256.60,3264.30,3272.00,3279.50,3286.90,3294.20,3301.50,3308.60,3315.60,3322.50,3329.40,3336.10,3342.70,3349.30,3355.80,3362.10,3368.40,3374.50,3380.60,3386.70,3392.70,3398.80,3405.00,3411.30,3417.90,3424.70,3431.80,3439.30,3447.00,3455.20,3463.80,3472.80,3482.20,3492.10
3502.40,3513.10,3524.10,3535.50,3547.20,3559.10,3571.10,3583.20,3595.30,3607.40,3619.20,3631.00,3642.60,3654.10,3665.40,3676.60,3687.70,3698.70,3709.50,3720.20,3730.80,3741.20,3751.50,3761.70,3771.80,3781.70,3791.60,3801.30,3810.90,3820.40,3829.70,3839.00,3848.10,3857.20,3866.10,3875.00,3883.70,3892.30,3900.80,3909.20,3917.60,3925.90,3934.20,3942.60,3951.20,3960.00,3969.20,3978.60,3988.40,3998.50,4009.00,4019.60,4030.40,4041.40,4052.30,4063.20,4074.00,4084.70,4095.20,4105.60,4115.90,4126.10,4136.10,4146.00,4155.80,4165.50,4175.00,4184.50,4193.80,4203.10,4212.20,4221.20,4230.20,4239.00,4247.70,4256.30,4264.80,4273.20,4281.50,4289.70,4297.80,4305.70,4313.60,4321.40,4329.10,4336.60,4344.10,4351.50,4358.80,4365.90,4373.00,4380.00,4386.90,4393.70,4400.40,4407.00,4413.50,4419.90,4426.30,4432.90,4439.80,4447.20,4455.30,4464.00,4473.40,4483.40,4494.00
4505.00,4516.20,4527.40,4538.50,4549.40,4560.20,4571.00,4581.50,4592.00,4602.30,4612.60,4622.70,4632.60,4642.50,4652.20,4661.90,4671.40,4680.80,4690.00,4699.20,4708.20,4717.10,4725.90,4734.60,4743.20,4751.60,4760.00,4768.20,4776.30,4784.40,4792.30,4800.10,4807.80,4815.40,4823.00,4830.40,4837.70,4844.80,4851.90,4858.90,4865.80,4872.60,4879.20,4885.80,4892.30,4898.70,4905.00,4911.10,4917.20,4923.20,4929.10,4934.80,4940.50,4946.10,4951.50,4956.90,4962.10,4967.30,4972.30,4977.20,4981.80,4986.20,4990.20,4993.90,4997.10,5000.00
