2.83,5.17,7.02,8.51,9.67,10.51,11.10,11.54,11.85,12.03,12.15,12.28,12.39,12.49,12.61,12.79,12.97,13.13,13.30,13.47,13.59,13.63,13.64,13.63,13.55,13.39,13.19,12.98,12.73,12.44,12.16,11.96,11.79,11.63,11.53,11.47,11.42,11.32
11.58,11.61,11.61,11.63,11.62,11.60,11.57,11.53,11.50,11.46,11.43,11.38,11.35,11.31,11.27,11.24,11.21
11.11,11.10,11.07,11.04,11.01,10.98,10.95,10.91,10.87,10.83,10.78,10.72,10.66,10.59,10.52,10.46,10.40,10.35,10.32,10.31,10.31,10.32,10.35,10.39,10.44,10.48,10.53,10.59
10.85,10.78,10.69,10.60,10.51,10.41,10.32,10.21,10.10,9.98,9.85,9.73,9.62,9.53,9.49,9.49,9.57,9.71,9.94,10.24,10.60,11.01,11.44,11.89,12.32,12.74,13.13,13.49
15.38,15.54,15.68,15.82,15.95,16.08,16.20,16.31,16.42,16.50,16.57,16.59,16.58,16.51,16.39,16.20,15.95,15.64
11.81,11.48,11.18,10.91,10.68,10.46,10.27,10.09,9.91,9.75,9.60,9.45,9.31,9.19,9.07,8.97,8.87,8.78,8.71,8.65,8.62,8.60,8.59,8.60,8.63,8.66,8.71,8.76,8.83,8.91,8.99
9.89,9.92,9.93,9.94,9.94,9.92,9.90,9.88,9.84,9.80,9.75,9.69,9.62,9.55,9.48,9.41,9.34,9.27,9.21,9.16,9.12,9.10,9.08,9.08,9.09,9.11,9.14,9.19,9.25,9.32,9.41,9.50,9.60,9.70,9.81,9.91,10.02,10.11,10.21,10.29,10.38,10.45,10.52,10.58,10.63,10.67,10.70,10.72,10.74,10.75,10.76
9.87,9.80,9.72,9.64,9.55,9.47,9.38,9.30,9.23,9.17,9.11,9.07,9.03,8.99,8.96,8.94,8.92,8.91,8.91,8.91,8.91,8.92,8.93,8.94,8.95,8.96,8.97,8.98,8.99,9.00,9.00,9.01,9.01,9.01,9.01,9.01,9.01,9.00,9.00,9.00,8.99,8.99,8.99,8.99
9.25,9.30,9.34,9.38,9.43,9.47,9.52,9.57,9.61,9.66,9.70,9.74,9.79,9.83,9.86,9.90,9.93,9.96,9.99,10.01,10.03,10.05,10.06,10.07,10.08,10.08,10.08,10.07,10.06,10.05,10.04,10.02,10.00,9.97,9.95,9.92,9.89,9.85,9.81,9.77,9.73,9.69,9.65,9.60,9.55,9.51,9.46,9.41,9.36,9.30,9.25,9.20,9.15,9.10,9.04,8.99,8.95,8.90,8.85,8.81,8.77,8.73,8.69,8.66,8.63,8.60,8.58,8.56,8.54,8.53,8.52,8.51,8.51,8.51,8.52,8.53,8.54,8.56,8.57,8.59,8.61,8.63,8.64,8.66,8.67,8.68,8.69,8.69,8.69,8.68,8.66,8.64,8.62,8.58,8.54,8.50,8.44
6.87,6.73,6.61,6.49,6.39,6.29,6.21,6.14,6.10,6.07,6.04,6.04,6.08,6.17,6.25,6.29,6.37,6.59,6.92,7.14,7.18,7.23,7.53,8.02,8.45,8.66,8.75,8.84,8.95,9.11,9.41,9.84,10.22,10.42,10.46,10.40,10.23,9.98,9.77,9.72,9.76,9.83,9.95,10.09,10.14,10.02,9.79,9.47,8.99
