1.03,2.92,5.63,9.11,13.31,18.19,23.68,29.73,36.28,43.26,50.60,58.23,66.09,74.08,82.14,90.17,98.14,106.00,113.75,121.40,128.95,136.43,143.93,151.52,159.28,167.25,175.45,183.91,192.64,201.63,210.89,220.41,230.17,240.16,250.33,260.63,270.99,281.32,291.55,301.66,311.66,321.52,331.27,340.90,350.42,359.82,369.10,378.27,387.33,396.34,405.35,414.42,423.62,433.01,442.63,452.51,462.67,473.14,483.90,494.96
506.29,517.87,529.64,541.55,553.52,565.49,577.40,589.19,600.84,612.36,623.75,635.00,646.13,657.13,668.00,678.74,689.35,699.84,710.20,720.44,730.55,740.55,750.42,760.17,769.81,779.32,788.72,798.00,807.17,816.22,825.15,833.98,842.69,851.29,859.78,868.16,876.46,884.70,892.94,901.22,909.61,918.14,926.87,935.81,944.99,954.41,964.09,974.03,984.25,994.74
1005.50,1016.50,1027.90,1039.40,1051.30,1063.30,1075.60,1088.10,1100.70,1113.50,1126.40,1139.20,1152.00,1164.60,1177.20,1189.50,1201.80,1213.90,1225.90,1237.70,1249.40,1261.00,1272.40,1283.70,1294.90,1306.00,1316.90,1327.70,1338.30,1348.90,1359.30,1369.60,1379.80,1389.80,1399.80,1409.70,1419.60,1429.40,1439.40,1449.50,1459.80,1470.30,1481.00,1491.90
1503.20,1514.70,1526.40,1538.40,1550.70,1563.20,1575.90,1588.70,1601.70,1614.80,1627.90,1640.90,1653.90,1666.70,1679.50,1692.00,1704.40,1716.70,1728.90,1740.90,1752.70,1764.50,1776.10,1787.60,1798.90,1810.10,1821.20,1832.10,1843.00,1853.70,1864.20,1874.70,1885.20,1895.60,1906.10,1916.70,1927.40,1938.30,1949.50,1960.90,1972.60,1984.50,1996.80
2009.30,2022.00,2035.00,2048.20,2061.50,2074.80,2088.20,2101.60,2114.80,2128.00,2141.00,2153.90,2166.60,2179.20,2191.70,2204.00,2216.20,2228.30,2240.20,2252.00,2263.70,2275.20,2286.60,2297.80,2308.90,2319.90,2330.80,2341.60,2352.40,2363.10,2373.80,2384.60,2395.40,2406.30,2417.30,2428.40,2439.50,2450.70,2461.80,2472.80,2483.70,2494.40
2505.10,2515.60,2526.00,2536.20,2546.40,2556.40,2566.30,2576.10,2585.80,2595.30,2604.80,2614.10,2623.30,2632.40,2641.40,2650.40,2659.30,2668.10,2676.90,2685.60,2694.20,2702.80,2711.40,2719.80,2728.20,2736.60,2745.00,2753.50,2761.90,2770.40,2778.80,2787.20,2795.50,2803.80,2812.00,2820.10,2828.10,2836.00,2843.80,2851.40,2859.00,2866.40,2873.80,2881.10,2888.20,2895.30,2902.20,2909.10,2915.90,2922.70,2929.40,2936.00,2942.50,2949.00,2955.30,2961.60,2967.70,2973.80,2979.90,2986.00,2992.20,2998.50
3004.90,3011.50,3018.30,3025.30,3032.60,3040.20,3048.00,3056.10,3064.60,3073.30,3082.30,3091.50,3101.00,3110.80,3120.90,3131.20,3141.80,3152.70,3163.80,3175.20,3186.80,3198.70,3210.90,3223.30,3236.00,3248.80,3261.90,3275.10,3288.40,3301.70,3315.00,3328.20,3341.20,3354.10,3366.80,3379.40,3391.90,3404.20,3416.40,3428.40,3440.30,3452.10,3463.70,3475.20,3486.60,3497.80
3508.90,3519.90,3530.70,3541.40,3552.00,3562.50,3572.80,3583.10,3593.10,3603.10,3613.00,3622.70,3632.30,3641.90,3651.50,3661.00,3670.60,3680.20,3689.80,3699.50,3709.10,3718.80,3728.40,3737.90,3747.20,3756.50,3765.70,3774.70,3783.60,3792.40,3801.10,3809.70,3818.20,3826.70,3835.20,3843.70,3852.40,3861.20,3870.20,3879.40,3889.00,3898.80,3908.90,3919.30,3930.10,3941.20,3952.70,3964.40,3976.50,3988.90
4001.50,4014.40,4027.40,4040.50,4053.60,4066.80,4079.80,4092.70,4105.50,4118.10,4130.60,4142.90,4155.10,4167.20,4179.20,4190.90,4202.60,4214.10,4225.50,4236.80,4247.90,4259.00,4269.80,4280.60,4291.20,4301.70,4312.10,4322.30,4332.50,4342.50,4352.40,4362.10,4371.80,4381.30,4390.70,4400.00,4409.20,4418.30,4427.20,4436.10,4444.80,4453.40,4461.90,4470.30,4478.80,4487.30,4496.00
4505.10,4514.40,4524.00,4534.00,4544.40,4555.00,4565.90,4577.10,4588.40,4599.90,4611.40,4622.90,4634.30,4645.60,4656.70,4667.60,4678.50,4689.20,4699.80,4710.30,4720.60,4730.90,4741.00,4751.00,4760.80,4770.60,4780.20,4789.70,4799.10,4808.30,4817.50,4826.50,4835.40,4844.20,4852.90,4861.50,4870.00,4878.40,4886.60,4894.70,4902.80,4910.70,4918.50,4926.20,4933.80,4941.30,4948.70,4955.90,4963.00,4969.80,4976.20,4982.20,4987.60,4992.50,4996.60,5000.00
