1.36,2.59,3.68,4.64,5.49,6.21,6.82,7.35,7.80,8.16,8.47,8.74,8.96,9.13,9.28,9.42,9.53,9.62,9.71,9.80,9.86,9.91,9.96,9.99,9.97,9.91,9.82,9.70,9.52,9.32,9.12,8.93,8.73,8.53,8.34,8.16,7.96,7.78,7.65,7.60,7.58,7.56,7.54,7.57,7.64,7.74,7.83,7.94,8.06,8.19,8.33,8.47,8.61,8.76,8.91
10.19,10.25,10.29,10.33,10.35,10.36,10.37,10.36,10.34,10.31,10.27,10.23,10.18,10.12,10.06,10.00,9.93,9.87,9.81,9.76,9.71,9.67,9.64,9.63,9.62,9.63,9.65,9.68,9.73,9.77,9.82,9.87,9.95,10.06,10.18,10.29,10.37,10.39,10.39,10.39
11.95,11.92,11.87,11.80,11.76,11.75,11.79,11.84,11.88,11.88,11.87,11.86,11.84,11.83,11.81,11.79,11.75,11.71,11.66,11.61,11.55,11.48,11.42,11.36,11.30,11.24,11.20,11.15,11.11,11.08,11.06,11.04,11.03,11.03
11.33,11.37,11.42,11.47,11.52,11.56,11.61,11.65,11.70,11.74,11.78,11.82,11.86,11.89,11.92,11.95,11.97,11.99,12.00,12.01,12.01,12.01,12.00,11.99,11.98,11.96,11.94,11.91,11.89,11.87,11.85,11.83,11.82,11.81
12.09,12.15,12.20,12.25,12.29,12.33,12.36,12.39,12.40,12.40,12.40,12.38,12.35,12.32,12.28,12.23,12.17,12.11,12.05,11.98,11.91,11.84,11.76,11.68,11.59,11.49,11.38,11.26,11.13,10.98,10.82,10.65,10.46
8.40,8.30,8.22,8.16,8.10,8.06,8.03,8.01,8.00,8.00,8.01,8.02,8.04,8.06,8.09,8.12,8.15,8.17,8.20,8.23,8.25,8.26,8.28,8.29,8.30,8.30,8.31,8.31,8.30,8.29,8.28,8.27,8.25,8.23,8.21,8.19,8.17,8.15,8.13,8.11,8.08,8.06,8.03,8.00,7.97,7.95,7.93,7.91,7.90
8.58,8.66,8.75,8.83,8.92,9.02,9.11,9.22,9.33,9.43,9.55,9.66,9.78,9.89,10.00,10.10,10.21,10.30,10.39,10.48,10.57,10.64,10.72,10.78,10.85,10.90,10.95,10.99,11.03,11.06,11.09,11.11,11.12,11.12,11.12,11.11,11.10,11.07,11.04
10.46,10.40,10.35,10.31,10.27,10.23,10.20,10.17,10.15,10.13,10.12,10.11,10.11,10.11,10.12,10.13,10.15,10.18,10.21,10.24,10.28,10.33,10.38,10.43,10.48,10.54,10.60,10.65,10.71,10.77,10.82,10.88,10.93,10.98,11.03,11.07,11.10,11.13
11.08,11.04,11.00,10.95,10.90,10.86,10.81,10.76,10.72,10.67,10.63,10.59,10.56,10.53,10.50,10.48,10.46,10.45,10.45,10.45,10.46,10.46,10.47,10.48,10.49,10.49,10.50,10.50,10.49,10.48,10.47,10.45,10.42,10.39,10.35,10.31,10.25,10.19
9.07,8.97,8.91,8.85,8.77,8.66,8.62,8.68,8.77,8.76,8.67,8.67,8.88,9.18,9.42,9.55,9.64,9.75,9.87,10.02,10.27,10.60,10.88,11.04,11.10,11.08,10.95,10.71,10.49,10.35,10.26,10.20,10.24,10.37,10.48,10.54,10.57,10.54,10.38,10.07
