2.83,8.00,15.03,23.54,33.21,43.72,54.81,66.35,78.20,90.24,102.39,114.66,127.06,139.54,152.15,164.94,177.91,191.05,204.34,217.81,231.40,245.03,258.67,272.30,285.85,299.23,312.43,325.41,338.14,350.58,362.74,374.70,386.48,398.12,409.64,421.12,432.54,443.86
558.19,569.79,581.40,593.03,604.65,616.24,627.82,639.34,650.85,662.31,673.73,685.12,696.47,707.78,719.05,730.29,741.50
852.86,863.96,875.03,886.08,897.09,908.07,919.02,929.93,940.80,951.63,962.41,973.14,983.80,994.39,1004.90,1015.40,1025.80,1036.10,1046.40,1056.70,1067.10,1077.40,1087.70,1098.10,1108.60,1119.00,1129.60,1140.20
1259.60,1270.30,1281.00,1291.60,1302.10,1312.60,1322.90,1333.10,1343.20,1353.20,1363.00,1372.70,1382.40,1391.90,1401.40,1410.90,1420.40,1430.10,1440.10,1450.30,1460.90,1471.90,1483.40,1495.20,1507.60,1520.30,1533.40,1546.90
1664.20,1679.80,1695.40,1711.30,1727.20,1743.30,1759.50,1775.80,1792.20,1808.70,1825.30,1841.90,1858.50,1875.00,1891.40,1907.60,1923.50,1939.20
2060.70,2072.20,2083.40,2094.30,2104.90,2115.40,2125.70,2135.80,2145.70,2155.40,2165.00,2174.50,2183.80,2193.00,2202.00,2211.00,2219.90,2228.70,2237.40,2246.00,2254.60,2263.20,2271.80,2280.40,2289.00,2297.70,2306.40,2315.20,2324.00,2332.90,2341.90
2456.40,2466.30,2476.20,2486.10,2496.10,2506.00,2515.90,2525.80,2535.60,2545.40,2555.20,2564.90,2574.50,2584.00,2593.50,2602.90,2612.30,2621.50,2630.80,2639.90,2649.00,2658.10,2667.20,2676.30,2685.40,2694.50,2703.60,2712.80,2722.10,2731.40,2740.80,2750.30,2759.90,2769.60,2779.40,2789.30,2799.30,2809.40,2819.60,2829.90,2840.30,2850.80,2861.30,2871.90,2882.50,2893.20,2903.90,2914.60,2925.30,2936.10,2946.80
3050.40,3060.20,3069.90,3079.60,3089.10,3098.60,3108.00,3117.30,3126.50,3135.70,3144.80,3153.90,3162.90,3171.90,3180.80,3189.80,3198.70,3207.60,3216.50,3225.40,3234.40,3243.30,3252.20,3261.10,3270.10,3279.10,3288.00,3297.00,3306.00,3315.00,3324.00,3333.00,3342.00,3351.00,3360.00,3369.00,3378.10,3387.10,3396.10,3405.10,3414.00,3423.00,3432.00,3441.00
3559.20,3568.50,3577.80,3587.20,3596.70,3606.10,3615.60,3625.20,3634.80,3644.50,3654.20,3663.90,3673.70,3683.50,3693.40,3703.30,3713.20,3723.20,3733.20,3743.20,3753.20,3763.30,3773.40,3783.40,3793.50,3803.60,3813.70,3823.70,3833.80,3843.90,3853.90,3863.90,3873.90,3883.90,3893.80,3903.80,3913.60,3923.50,3933.30,3943.10,3952.80,3962.50,3972.10,3981.70,3991.30,4000.80,4010.30,4019.70,4029.00,4038.30,4047.60,4056.80,4065.90,4075.00,4084.10,4093.10,4102.00,4110.90,4119.80,4128.60,4137.30,4146.10,4154.70,4163.40,4172.00,4180.60,4189.20,4197.80,4206.30,4214.80,4223.40,4231.90,4240.40,4248.90,4257.40,4265.90,4274.50,4283.00,4291.60,4300.20,4308.80,4317.40,4326.10,4334.70,4343.40,4352.10,4360.80,4369.50,4378.10,4386.80,4395.50,4404.10,4412.70,4421.30,4429.90,4438.40,4446.80
4554.40,4561.10,4567.70,4574.20,4580.60,4586.90,4593.10,4599.30,4605.40,4611.40,4617.50,4623.50,4629.60,4635.80,4642.00,4648.30,4654.70,4661.30,4668.20,4675.30,4682.50,4689.70,4697.30,4705.30,4713.70,4722.40,4731.10,4740.00,4748.90,4758.10,4767.50,4777.30,4787.50,4797.90,4808.40,4818.80,4829.00,4839.00,4848.80,4858.50,4868.20,4878.10,4888.00,4898.10,4908.30,4918.30,4928.10,4937.50,4946.50
