0.00,3.00,8.99,17.91,29.43,42.84,57.21,71.90,86.66,101.43,116.21,130.99,145.77,160.55,175.32,190.10,204.88,219.66,234.43,249.21,263.99,278.77,293.55,308.32,321.96,334.56,346.19,356.94,366.89,376.09,384.61,392.50,399.81,406.59,412.88,418.71,424.12,429.15,433.82,438.16,442.20,445.95,449.45
559.48,574.25,589.02,603.80,618.58,633.36,648.13,662.91,677.69,692.47,707.25,722.02,736.80,751.58,766.36,781.13,795.91,810.69,824.31,836.88,848.48,859.19,869.09,878.24,886.70,894.53,901.77,908.49,914.71,920.47,925.82,930.79,935.39,939.67,943.65,947.34
1064.20,1079.00,1093.70,1108.50,1123.30,1138.10,1152.90,1167.60,1182.40,1197.20,1212.00,1226.70,1241.50,1256.30,1271.10,1285.90,1300.60,1315.40,1330.20,1345.00,1359.70,1374.50,1389.30,1404.10,1418.90,1433.60,1448.40
1551.90,1566.60,1581.40,1596.20,1611.00,1625.70,1640.50,1655.30,1670.10,1684.90,1699.60,1714.40,1729.20,1744.00,1758.70,1773.50,1788.30,1803.10,1816.70,1829.40,1843.40,1858.00,1872.80,1887.50,1902.30,1917.10,1931.90,1946.60
2050.10,2064.90,2079.60,2094.40,2109.20,2124.00,2138.80,2153.50,2168.30,2183.10,2197.90,2212.60,2227.40,2242.20,2257.00,2271.80,2286.50,2301.30,2315.00,2327.70,2339.40,2350.30,2360.40,2369.70,2378.40,2386.50,2397.30,2410.20,2424.40,2439.00
2557.20,2572.00,2586.80,2601.60,2616.30,2631.10,2645.90,2660.70,2675.40,2690.20,2705.00,2719.80,2734.60,2749.30,2764.10,2778.90,2793.70,2808.40,2823.20,2838.00,2852.80,2867.60,2882.30,2897.10,2911.90,2926.70,2941.40
3059.70,3074.40,3089.20,3104.00,3118.80,3133.60,3148.30,3163.10,3177.90,3192.70,3207.40,3222.20,3237.00,3251.80,3266.60,3281.30,3296.10,3310.90,3325.70,3340.40,3355.20,3370.00,3384.80,3399.60,3414.30,3426.60,3436.80,3445.30
3556.50,3571.20,3586.00,3600.80,3615.60,3630.30,3645.10,3659.90,3674.70,3689.40,3704.20,3719.00,3733.80,3748.60,3763.30,3778.10,3792.90,3807.70,3821.30,3833.90,3845.60,3856.30,3866.30,3875.50,3884.00,3891.90,3899.30,3906.10,3912.40,3918.20,3923.70,3928.70,3933.40,3937.70,3941.80,3945.60,3949.10
4060.10,4074.90,4089.60,4104.40,4119.20,4134.00,4148.70,4163.50,4178.30,4193.10,4207.80,4222.60,4237.40,4252.20,4267.00,4281.70,4296.50,4311.30,4324.90,4337.50,4349.10,4359.80,4369.60,4378.80,4387.20,4395.00,4402.30,4409.00,4415.20,4424.30,4436.00,4449.50
4552.50,4567.20,4582.00,4596.80,4611.60,4626.30,4641.10,4655.90,4670.70,4685.50,4700.20,4715.00,4729.80,4744.60,4759.30,4774.10,4788.90,4803.70,4817.30,4830.00,4841.70,4852.50,4862.60,4871.90,4880.50,4888.50,4895.90,4902.80,4909.30,4915.20,4920.80,4925.90,4930.70,4935.20,4939.30,4943.20,4946.80
