3.00,5.99,8.91,11.52,13.41,14.38,14.69,14.76,14.77,14.78,14.78,14.78,14.78,14.78,14.78,14.78,14.78,14.78,14.78,14.78,14.78,14.78,14.78,13.64,12.59,11.63,10.76,9.95,9.20,8.52,7.89,7.31,6.78,6.29,5.83,5.41,5.03,4.67,4.34,4.04,3.75,3.49,3.25
14.77,14.78,14.78,14.78,14.78,14.78,14.78,14.78,14.78,14.78,14.78,14.78,14.78,14.78,14.78,14.78,14.78,13.62,12.57,11.60,10.71,9.90,9.15,8.46,7.83,7.25,6.71,6.22,5.77,5.35,4.96,4.61,4.28,3.97,3.69,3.44
14.78,14.78,14.78,14.78,14.78,14.78,14.78,14.78,14.78,14.78,14.78,14.78,14.78,14.78,14.78,14.78,14.78,14.78,14.78,14.78,14.78,14.78,14.78,14.78,14.78,14.78,14.78
14.78,14.78,14.78,14.78,14.78,14.78,14.78,14.78,14.78,14.78,14.78,14.78,14.78,14.78,14.78,14.78,14.78,13.67,12.65,14.04,14.60,14.74,14.77,14.78,14.78,14.78,14.78,14.78
14.78,14.78,14.78,14.78,14.78,14.78,14.78,14.78,14.78,14.78,14.78,14.78,14.78,14.78,14.78,14.78,14.78,13.68,12.67,11.74,10.88,10.09,9.36,8.69,8.07,10.80,12.94,14.18,14.64,14.75
14.78,14.78,14.78,14.78,14.78,14.78,14.78,14.78,14.78,14.78,14.78,14.78,14.78,14.78,14.78,14.78,14.78,14.78,14.78,14.78,14.78,14.78,14.78,14.78,14.78,14.78,14.78
14.78,14.78,14.78,14.78,14.78,14.78,14.78,14.78,14.78,14.78,14.78,14.78,14.78,14.78,14.78,14.78,14.78,14.78,14.78,14.78,14.78,14.78,14.78,14.78,12.23,10.19,8.55,7.21
14.69,14.76,14.78,14.78,14.78,14.78,14.78,14.78,14.78,14.78,14.78,14.78,14.78,14.78,14.78,14.78,14.78,13.64,12.60,11.64,10.77,9.96,9.22,8.54,7.91,7.33,6.80,6.30,5.85,5.43,5.05,4.69,4.36,4.05,3.77,3.51,3.27
14.77,14.78,14.78,14.78,14.78,14.78,14.78,14.78,14.78,14.78,14.78,14.78,14.78,14.78,14.78,14.78,14.78,13.62,12.56,11.59,10.70,9.88,9.13,8.45,7.81,7.23,6.70,6.20,9.11,11.68,13.51,14.41
14.78,14.78,14.78,14.78,14.78,14.78,14.78,14.78,14.78,14.78,14.78,14.78,14.78,14.78,14.78,14.78,14.78,13.66,12.64,11.70,10.84,10.04,9.31,8.63,8.01,7.43,6.90,6.41,5.96,5.54,5.15,4.79,4.46,4.16,3.87,3.61,3.36
