1.28,3.64,7.01,11.36,16.62,22.72,29.61,37.22,45.47,54.30,63.62,73.36,83.43,93.75,104.22,114.75,125.25,135.67,145.98,156.16,166.22,176.16,186.00,195.77,205.48,215.18,224.89,234.63,244.43,254.30,264.24,274.24,284.27,294.33,304.36,314.33,324.21,333.97,343.61,353.14,362.55,371.85,381.03,390.10,399.07,407.99,416.90,425.87,434.94,444.18,453.62,463.30,473.24,483.46,493.94
504.66,515.61,526.72,537.96,549.25,560.56,571.82,582.99,594.04,604.95,615.75,626.41,636.95,647.37,657.66,667.83,677.88,687.81,697.62,707.30,716.87,726.32,735.66,744.88,753.99,762.98,771.85,780.62,789.27,797.81,806.24,814.56,822.77,830.87,838.87,846.76,854.54,862.21,869.78,877.26,884.66,892.01,899.32,906.62,913.94,921.31,928.77,936.34,944.06,951.95,960.05,968.37,976.93,985.74,994.81
1004.10,1013.70,1023.60,1033.60,1044.00,1054.60,1065.40,1076.50,1087.90,1099.50,1111.30,1123.40,1135.70,1148.20,1160.90,1173.80,1186.70,1199.60,1212.50,1225.40,1238.10,1250.70,1263.10,1275.40,1287.50,1299.60,1311.40,1323.20,1334.80,1346.30,1357.60,1368.80,1379.90,1390.90,1401.70,1412.40,1423.00,1433.40,1443.80,1454.00,1464.10,1474.10,1483.90,1493.70
1503.30,1512.90,1522.50,1532.10,1541.90,1551.90,1562.00,1572.50,1583.20,1594.20,1605.40,1617.00,1628.70,1640.70,1652.80,1664.90,1677.00,1689.10,1701.00,1712.80,1724.50,1736.00,1747.40,1758.70,1769.90,1780.90,1791.80,1802.60,1813.20,1823.80,1834.20,1844.40,1854.60,1864.70,1874.60,1884.60,1894.60,1904.70,1915.00,1925.50,1936.30,1947.30,1958.70,1970.40,1982.40,1994.80
2007.60,2020.70,2034.10,2047.90,2061.90,2076.20,2090.60,2105.20,2119.80,2134.40,2148.90,2163.20,2177.30,2191.30,2205.20,2218.90,2232.40,2245.80,2259.00,2272.10,2285.10,2297.90,2310.60,2323.10,2335.50,2347.70,2359.80,2371.80,2383.60,2395.30,2406.80,2418.20,2429.50,2440.70,2451.70,2462.70,2473.40,2484.10,2494.60
2505.00,2515.30,2525.50,2535.80,2546.20,2556.70,2567.50,2578.40,2589.70,2601.20,2613.00,2625.00,2637.20,2649.70,2662.20,2674.70,2687.20,2699.60,2711.90,2724.00,2735.90,2747.80,2759.50,2771.00,2782.50,2793.80,2804.90,2816.00,2826.90,2837.70,2848.40,2859.20,2869.90,2880.70,2891.50,2902.30,2913.20,2924.20,2935.10,2946.10,2957.00,2967.80,2978.40,2989.00,2999.40
3009.80,3020.00,3030.00,3040.00,3049.80,3059.60,3069.20,3078.60,3088.00,3097.30,3106.40,3115.40,3124.30,3133.10,3141.80,3150.40,3158.90,3167.30,3175.60,3183.80,3192.10,3200.40,3208.80,3217.30,3226.00,3235.00,3244.20,3253.60,3263.30,3273.20,3283.30,3293.70,3304.20,3314.90,3325.70,3336.50,3347.30,3358.10,3368.80,3379.30,3389.80,3400.10,3410.30,3420.40,3430.40,3440.20,3449.90,3459.50,3469.10,3478.50,3488.00,3497.40
3506.90,3516.50,3526.30,3536.20,3546.30,3556.60,3567.10,3577.90,3588.80,3600.00,3611.20,3622.60,3634.10,3645.50,3656.90,3668.20,3679.50,3690.50,3701.50,3712.30,3723.00,3733.60,3744.10,3754.40,3764.60,3774.70,3784.60,3794.50,3804.20,3813.80,3823.30,3832.70,3841.90,3851.10,3860.10,3869.10,3878.10,3887.10,3896.20,3905.40,3914.80,3924.50,3934.40,3944.60,3955.00,3965.80,3976.80,3988.10,3999.70
4011.60,4023.70,4036.00,4048.40,4061.00,4073.60,4086.10,4098.60,4110.90,4123.10,4135.10,4147.00,4158.80,4170.40,4181.90,4193.30,4204.60,4215.70,4226.70,4237.50,4248.20,4258.80,4269.30,4279.70,4289.90,4300.00,4310.00,4319.90,4329.70,4339.60,4349.40,4359.40,4369.50,4379.80,4390.30,4401.00,4411.90,4423.00,4434.30,4445.70,4457.10,4468.50,4479.80,4491.00
4502.10,4513.00,4523.90,4534.60,4545.20,4555.60,4566.00,4576.20,4586.30,4596.30,4606.10,4615.90,4625.50,4635.00,4644.40,4653.70,4662.90,4671.90,4680.80,4689.70,4698.40,4707.00,4715.50,4723.80,4732.10,4740.30,4748.30,4756.30,4764.10,4771.80,4779.50,4787.00,4794.40,4801.70,4808.90,4816.00,4823.00,4829.90,4836.70,4843.40,4850.00,4856.50,4862.90,4869.20,4875.40,4881.50,4887.50,4893.40,4899.20,4904.90,4910.50,4916.00,4921.50,4926.80,4932.00,4937.20,4942.20,4947.20,4952.00,4956.80,4961.50,4966.00,4970.50,4974.90,4979.20,4983.30,4987.20,4990.80,4994.20,4997.30,5000.00
