2.35,3.38,4.35,5.26,6.11,6.89,7.61,8.25,8.83,9.33,9.74,10.07,10.31,10.47,10.53,10.51,10.42,10.31,10.18,10.06,9.94,9.84,9.76,9.71,9.70,9.71,9.75,9.80,9.87,9.94,10.00,10.04,10.05,10.03,9.97,9.88,9.76,9.64,9.53,9.41,9.30,9.18,9.07,8.97,8.92,8.91,8.96,9.07,9.23,9.44,9.68,9.94,10.21,10.48,10.73
10.94,11.11,11.23,11.30,11.30,11.26,11.17,11.05,10.92,10.79,10.66,10.54,10.42,10.29,10.17,10.05,9.93,9.81,9.69,9.57,9.45,9.34,9.22,9.11,8.99,8.88,8.77,8.65,8.54,8.43,8.32,8.21,8.10,8.00,7.89,7.78,7.67,7.57,7.48,7.40,7.34,7.31,7.30,7.32,7.37,7.46,7.57,7.72,7.89,8.10,8.32,8.56,8.81,9.07,9.32
9.58,9.84,10.09,10.35,10.60,10.85,11.10,11.35,11.60,11.84,12.08,12.31,12.52,12.70,12.84,12.92,12.95,12.92,12.84,12.71,12.57,12.43,12.29,12.15,12.02,11.88,11.74,11.61,11.48,11.35,11.21,11.09,10.96,10.83,10.71,10.58,10.45,10.33,10.21,10.10,9.98,9.86,9.74,9.64
9.59,9.59,9.65,9.77,9.95,10.17,10.43,10.71,10.99,11.27,11.54,11.77,11.95,12.07,12.13,12.12,12.05,11.94,11.80,11.66,11.54,11.42,11.29,11.16,11.03,10.90,10.77,10.65,10.52,10.40,10.28,10.16,10.04,9.97,9.96,10.01,10.12,10.30,10.51,10.76,11.04,11.35,11.68,12.04,12.40,12.76
13.11,13.44,13.75,14.03,14.27,14.46,14.58,14.62,14.58,14.47,14.31,14.15,14.00,13.85,13.69,13.54,13.39,13.24,13.09,12.95,12.81,12.66,12.52,12.38,12.24,12.10,11.96,11.82,11.69,11.56,11.43,11.29,11.17,11.04,10.91,10.78,10.65,10.53,10.40
10.29,10.24,10.27,10.37,10.53,10.74,10.99,11.25,11.51,11.78,12.02,12.24,12.41,12.51,12.55,12.50,12.39,12.25,12.11,11.97,11.83,11.70,11.56,11.43,11.30,11.17,11.04,10.91,10.82,10.75,10.72,10.73,10.76,10.81,10.86,10.91,10.95,10.96,10.94,10.88,10.80,10.69,10.56,10.43,10.31
10.20,10.08,9.96,9.84,9.72,9.60,9.49,9.37,9.25,9.14,9.02,8.91,8.80,8.70,8.58,8.47,8.37,8.29,8.25,8.25,8.30,8.40,8.54,8.73,8.94,9.18,9.43,9.68,9.93,10.16,10.37,10.54,10.67,10.77,10.81,10.81,10.76,10.68,10.57,10.45,10.32,10.20,10.08,9.97,9.85,9.73,9.62,9.52,9.46,9.44,9.45,9.51
9.61,9.74,9.91,10.10,10.31,10.53,10.75,10.95,11.13,11.27,11.38,11.44,11.45,11.41,11.33,11.21,11.08,10.95,10.83,10.70,10.58,10.46,10.33,10.21,10.09,9.96,9.84,9.72,9.60,9.49,9.38,9.26,9.14,9.04,8.98,8.96,9.00,9.09,9.24,9.43,9.66,9.91,10.17,10.46,10.74,11.04,11.32,11.60,11.86
12.10,12.30,12.45,12.55,12.58,12.54,12.45,12.32,12.18,12.04,11.91,11.78,11.64,11.51,11.37,11.24,11.11,10.98,10.86,10.73,10.61,10.48,10.36,10.23,10.11,9.99,9.89,9.83,9.82,9.86,9.96,10.10,10.29,10.50,10.72,10.93,11.12,11.27,11.37,11.41,11.39,11.31,11.20,11.08
10.96,10.83,10.70,10.58,10.47,10.35,10.22,10.10,9.98,9.86,9.75,9.63,9.51,9.39,9.28,9.16,9.05,8.93,8.82,8.71,8.60,8.49,8.38,8.27,8.16,8.05,7.94,7.84,7.73,7.62,7.52,7.42,7.31,7.21,7.11,7.00,6.90,6.80,6.70,6.60,6.50,6.40,6.30,6.20,6.10,6.00,5.90,5.80,5.71,5.62,5.52,5.42,5.33,5.23,5.14,5.05,4.95,4.86,4.77,4.67,4.58,4.49,4.39,4.26,4.10,3.89,3.65,3.37,3.06,2.74,0.00
