25.000019587634423
25.00002058882536
25.000021639026578
25.000022740522617
25.00002389569866
25.000025107044657
25.000026377159635
25.000027708756168
25.000029104664993
25.000030567839833
25.00003210136236
25.000033708447393
25.000035392448225
25.00003715686221
25.00003900533651
25.000040941674076
25.000042969839836
25.000045093967103
25.00004731836424
25.00004964752153
25.000052086118327
25.00005463903043
25.000057311337738
25.00006010833217
25.000063035525883
25.00006609865974
25.0000693037121
25.000072656907918
25.000076164728153
25.00007983391949
25.00008367150441
25.0000876847916
25.000091881386716
25.000096269203524
25.00010085647538
25.000105651767154
25.000110663987474
25.00011590240148
25.00012137664389
25.00012709673258
25.00013307308258
25.000139316520514
25.00014583829952
25.000152650114675
25.000159764118873
25.00016719293925
25.000174949694117
25.00018304801041
25.00019150204174
25.000200326486965
25.00020953660935
25.00021914825635
25.00022917787996
25.000239642557734
25.000250560014432
25.000261948644294
25.00027382753404
25.000286216486533
25.000299136045147
25.000312607518875
25.00032665300817
25.000341295431554
25.000356558552998
25.000372467010095
25.000389046343077
25.00040632302462
25.000424324490535
25.00044307917133
25.000462616524644
25.00048296706861
25.00050416241614
25.000526235310147
25.000549219659792
25.000573150577644
25.000598064417904
25.000623998815666
25.00065099272719
25.000679086471294
25.000708321771803
25.00073874180116
25.000770391225128
25.00080331624869
25.000837564663108
25.0008731858942
25.000910231051837
25.000948752980683
25.00098880631222
25.00103044751804
25.001073734964493
25.001118728968603
25.001165491855424
25.00121408801671
25.00126458397101
25.00131704842521
25.001371552337467
25.001428168981665
25.00148697401332
25.001548045537024
25.001611464175372
25.001677313139513
25.0017456783012
25.001816648266487
25.001890314450986
25.001966771156816
25.00204611565114
25.002128448246427
25.002213872382363
25.00230249470948
25.00239442517452
25.002489777107517
25.00258866731066
25.002691216148918
25.002797547642423
25.00290778956073
25.003022073518796
25.003140535074884
25.003263313830217
25.00339055353057
25.003522402169647
25.003659012094403
25.00380054011218
25.00394714759978
25.004099000614417
25.004256270006554
25.004419131534675
25.00458776598195
25.004762359274793
25.004943102603367
25.005130192543973
25.00532383118334
25.005524226244855
25.00573159121665
25.005946145481612
25.00616811444926
25.0063977296895
25.00663522906825
25.006880856884916
25.007134864011675
25.007397508034607
25.007669053396622
25.007949771542144
25.008239941063568
25.008539847849434
25.008849785234315
25.009170054150367
25.009500963280527
25.009842829213316
25.01019597659921
25.01056073830855
25.010937455590913
25.011326478236
25.011728164735835
25.01214288244837
25.01257100776239
25.013012926263627
25.01346903290211
25.013939732160583
25.01442543822405
25.014926575150266
25.015443577041182
25.015976888215246
25.016526963380464
25.017094267808197
25.017679277507536
25.018282479400263
25.018904371496205
25.019545463068972
25.020206274831974
25.02088733911454
25.021589200038164
25.02231241369266
25.023057548312167
25.02382518445091
25.024615915158556
25.025430346155062
25.026269096004928
25.02713279629064
25.028022091785292
25.028937640624143
25.02988011447503
25.03085019870749
25.031848592560426
25.032876009308183
25.033933176424874
25.035020835746813
25.036139743632862
25.037290671122577
25.038474404091936
25.039691743406507
25.04094350507187
25.042230520381132
25.043553636059308
25.044913714404455
25.046311633425276
25.0477482869751
25.049224584881962
25.05074145307462
25.05229983370433
25.053900685262075
25.055544982691213
25.05723371749511
25.058967897839754
25.06074854865097
25.062576711706118
25.06445344572001
25.066379826424786
25.068356946643615
25.070385916357875
25.072467862767656
25.07460393034534
25.076795280881964
25.07904309352621
25.08134856481572
25.083712908700498
25.086137356558176
25.08862315720089
25.091171576873492
25.093783899242904
25.096461425378287
25.099205473721852
25.102017380050007
25.104898497424628
25.107850196134148
25.110873863624278
25.11397090441806
25.117142740025038
25.120390808839236
25.12371656602577
25.127121483395804
25.130607049269592
25.134174768327384
25.13782616144797
25.141562765534534
25.145386133327733
25.149297833205576
25.15329944897004
25.157392579620062
25.161578839110796
25.165859856098795
25.170237273672996
25.17471274907123
25.17928795338207
25.183964571231837
25.188744300456495
25.193628851758323
25.198619948347094
25.20371932556565
25.208928730499647
25.214249921571305
25.219684668117036
25.225234749948743
25.230901956898673
25.236688088347684
25.24259495273677
25.248624367061748
25.25477815635097
25.26105815312597
25.26746619684493
25.274004133328894
25.28067381417067
25.28747709612629
25.29441584048905
25.301491912446046
25.308707180417144
25.316063515376445
25.323562790156135
25.33120687873281
25.33899765549624
25.346936994500584
25.355026768698185
25.36326884915587
25.37166510425395
25.38021739886789
25.388927593532863
25.39779754359114
25.406829098322625
25.416024100058536
25.42538438327841
25.434911773690686
25.44460808729693
25.454475129440002
25.464514693836314
25.474728561592457
25.485118500206436
25.495686262553736
25.50643358585859
25.51736219065065
25.528473779707443
25.53977003698291
25.551252626522427
25.562923191364575
25.574783352430174
25.58683470739888
25.59907882957378
25.611517266734502
25.624151539979163
25.636983142555735
25.650013538683254
25.663244162363423
25.676676416183064
25.690311670108056
25.704151260269207
25.718196487740727
25.732448617311828
25.74690887625209
25.76157845307121
25.776458496273772
25.791550113109693
25.806854368321023
25.822372282885773
25.838104832759498
25.854052947615322
25.870217509583185
25.88659935198898
25.90319925809447
25.9200179598386
25.937056136581145
25.9543144138494
25.97179336208877
25.989493495418074
26.007415270390396
26.025559084760385
26.04392527625878
26.06251412137511
26.081325834149435
26.10036056497398
26.119618399405606
26.139099356990044
26.158803390098743
26.178730382779317
26.198880149620518
26.219252434632622
26.23984691014425
26.260663175716502
26.281700757075367
26.302959105063447
26.324437594611794
26.346135523732997
26.36805211253632
26.39018650226597
26.4125377543634
26.435104849554588
26.457886686963317
26.480882083251334
26.50408977178638
26.527508401839025
26.551136537809278
26.574972658483816
26.5990151563249
26.623262336791747
26.647712417695384
26.67236352858782
26.697213710186446
26.722260913834546
26.747503000998783
26.772937742804494
26.798562819609668
26.824375820618396
26.850374243534624
26.876555494256998
26.902916886615564
26.929455642151094
26.956168889937747
26.983053666449827
27.010106915473273
27.03732548806264
27.06470614254409
27.092245544565177
27.119940267191907
27.147786791053697
27.175781504536786
27.203920704026622
27.232200594199718
27.260617288365413
27.28916680885807
27.31784508747999
27.346647965995547
27.375571196676795
27.404610442900932
27.43376127979986
27.463019194962104
27.49237958918733
27.521837777293594
27.551388988977518
27.58102836972748
27.6107509817899
27.640551805188643
27.670425738797586
27.700367601466265
27.730372133198546
27.760433996384233
27.79054777708341
27.820707986363402
27.850909061688025
27.881145368359
27.911411201009066
27.941700785146573
27.972008278751094
28.00232777391966
28.03265329856317
28.062978818152384
28.09329823751311
28.12360540266981
28.15389410273714
28.184158071858715
28.21439099119236
28.24458649094115
28.274738152429414
28.304839510222934
28.334884054292374
28.36486523221917
28.39477645144284
28.424611081548765
28.454362456595447
28.484023877480173
28.513588614341987
28.543049909000885
28.572400977432018
28.601635012273775
28.630745185368454
28.659724650334315
28.688566545167674
28.71726399487376
28.745810114124964
28.77419800994504
28.802420784417947
28.830471537419832
28.85834336937263
28.886029384017913
28.91352269120934
28.940816409722263
28.967903670078833
28.99477761738709
29.02143141419237
29.047858243339434
29.074051310843647
29.100003848769543
29.125709118115104
29.15116041170004
29.17635105705636
29.20127441931951
29.225923904118357
29.250292960462236
29.274375083623347
29.29816381801271
29.32165276004793
29.344835561010978
29.36770592989425
29.39025763623308
29.412484512922976
29.43438045901977
29.455939442520922
29.477155503126234
29.49802275497616
29.51853538936598
29.538687677434147
29.558473972822952
29.577888714309886
29.596926428407947
29.61558173193318
29.63384933453778
29.651724041207103
29.669200754718947
29.68627447806339
29.70294031682171
29.719193481502714
29.735029289834927
29.750443169013135
29.765430657897742
29.7799874091655
29.794109191410115
29.807791891191346
29.821031515031184
29.833824191355767
29.84616617238172
29.858053835945615
29.869483687275284
29.880452360701852
29.890956621311187
29.900993366533775
29.91055962767182
29.91965257136254
29.928269500976725
29.93640785795145
29.944065223056164
29.951239317591174
29.957928004517754
29.964129289519068
29.969841321991172
29.975062395963413
29.979790950947567
29.984025572715165
29.987764994002397
29.991008095142185
29.993753904622906
29.996001599573418
29.99775050617407
29.99900009999333
29.999750006249897
30.0
29.999750006249897
29.99900009999333
29.99775050617407
29.996001599573418
29.993753904622906
29.991008095142185
29.987764994002397
29.984025572715165
29.979790950947567
29.975062395963413
29.969841321991172
29.964129289519068
29.957928004517754
29.951239317591174
29.944065223056164
29.93640785795145
29.928269500976725
29.91965257136254
29.91055962767182
29.900993366533775
29.890956621311187
29.880452360701852
29.869483687275284
29.858053835945615
29.84616617238172
29.833824191355767
29.821031515031184
29.807791891191346
29.794109191410115
29.7799874091655
29.765430657897742
29.750443169013135
29.735029289834927
29.719193481502714
29.70294031682171
29.68627447806339
29.669200754718947
29.651724041207103
29.63384933453778
29.61558173193318
29.596926428407947
29.577888714309886
29.558473972822952
29.538687677434147
29.51853538936598
29.49802275497616
29.477155503126234
29.455939442520922
29.43438045901977
29.412484512922976
29.39025763623308
29.36770592989425
29.344835561010978
29.32165276004793
29.29816381801271
29.274375083623347
29.250292960462236
29.225923904118357
29.20127441931951
29.17635105705636
29.15116041170004
29.125709118115104
29.100003848769543
29.074051310843647
29.047858243339434
29.02143141419237
28.99477761738709
28.967903670078833
28.940816409722263
28.91352269120934
28.886029384017913
28.85834336937263
28.830471537419832
28.802420784417947
28.77419800994504
28.745810114124964
28.71726399487376
28.688566545167674
28.659724650334315
28.630745185368454
28.601635012273775
28.572400977432018
28.543049909000885
28.513588614341987
28.484023877480173
28.454362456595447
28.424611081548765
28.39477645144284
28.36486523221917
28.334884054292374
28.304839510222934
28.274738152429414
28.24458649094115
28.21439099119236
28.184158071858715
28.15389410273714
28.12360540266981
28.09329823751311
28.062978818152384
28.03265329856317
28.00232777391966
27.972008278751094
27.941700785146573
27.911411201009066
27.881145368359
27.850909061688025
27.820707986363402
27.79054777708341
27.760433996384233
27.730372133198546
27.700367601466265
27.670425738797586
27.640551805188643
27.6107509817899
27.58102836972748
27.551388988977518
27.521837777293594
27.49237958918733
27.463019194962104
27.43376127979986
27.404610442900932
27.375571196676795
27.346647965995547
27.31784508747999
27.28916680885807
27.260617288365413
27.232200594199718
27.203920704026622
27.175781504536786
27.147786791053697
27.119940267191907
27.092245544565177
27.06470614254409
27.03732548806264
27.010106915473273
26.983053666449827
26.956168889937747
26.929455642151094
26.902916886615564
26.876555494256998
26.850374243534624
26.824375820618396
26.798562819609668
26.772937742804494
26.747503000998783
26.722260913834546
26.697213710186446
26.67236352858782
26.647712417695384
26.623262336791747
26.5990151563249
26.574972658483816
26.551136537809278
26.527508401839025
26.50408977178638
26.480882083251334
26.457886686963317
26.435104849554588
26.4125377543634
26.39018650226597
26.36805211253632
26.346135523732997
26.324437594611794
26.302959105063447
26.281700757075367
26.260663175716502
26.23984691014425
26.219252434632622
26.198880149620518
26.178730382779317
26.158803390098743
26.139099356990044
26.119618399405606
26.10036056497398
26.081325834149435
26.06251412137511
26.04392527625878
26.025559084760385
26.007415270390396
25.989493495418074
25.97179336208877
25.9543144138494
25.937056136581145
25.9200179598386
25.90319925809447
25.88659935198898
25.870217509583185
25.854052947615322
25.838104832759498
25.822372282885773
25.806854368321023
25.791550113109693
25.776458496273772
25.76157845307121
25.74690887625209
25.732448617311828
25.718196487740727
25.704151260269207
25.690311670108056
25.676676416183064
25.663244162363423
25.650013538683254
25.636983142555735
25.624151539979163
25.611517266734502
25.59907882957378
25.58683470739888
25.574783352430174
25.562923191364575
25.551252626522427
25.53977003698291
25.528473779707443
25.51736219065065
25.50643358585859
25.495686262553736
25.485118500206436
25.474728561592457
25.464514693836314
25.454475129440002
25.44460808729693
25.434911773690686
25.42538438327841
25.416024100058536
25.406829098322625
25.39779754359114
25.388927593532863
25.38021739886789
25.37166510425395
25.36326884915587
25.355026768698185
25.346936994500584
25.33899765549624
25.33120687873281
25.323562790156135
25.316063515376445
25.308707180417144
25.301491912446046
25.29441584048905
25.28747709612629
25.28067381417067
25.274004133328894
25.26746619684493
25.26105815312597
25.25477815635097
25.248624367061748
25.24259495273677
25.236688088347684
25.230901956898673
25.225234749948743
25.219684668117036
25.214249921571305
25.208928730499647
25.20371932556565
25.198619948347094
25.193628851758323
25.188744300456495
25.183964571231837
25.17928795338207
25.17471274907123
25.170237273672996
25.165859856098795
25.161578839110796
25.157392579620062
25.15329944897004
25.149297833205576
25.145386133327733
25.141562765534534
25.13782616144797
25.134174768327384
25.130607049269592
25.127121483395804
25.12371656602577
25.120390808839236
25.117142740025038
25.11397090441806
25.110873863624278
25.107850196134148
25.104898497424628
25.102017380050007
25.099205473721852
25.096461425378287
25.093783899242904
25.091171576873492
25.08862315720089
25.086137356558176
25.083712908700498
25.08134856481572
25.07904309352621
25.076795280881964
25.07460393034534
25.072467862767656
25.070385916357875
25.068356946643615
25.066379826424786
25.06445344572001
25.062576711706118
25.06074854865097
25.058967897839754
25.05723371749511
25.055544982691213
25.053900685262075
25.05229983370433
25.05074145307462
25.049224584881962
25.0477482869751
25.046311633425276
25.044913714404455
25.043553636059308
25.042230520381132
25.04094350507187
25.039691743406507
25.038474404091936
25.037290671122577
25.036139743632862
25.035020835746813
25.033933176424874
25.032876009308183
25.031848592560426
25.03085019870749
25.02988011447503
25.028937640624143
25.028022091785292
25.02713279629064
25.026269096004928
25.025430346155062
25.024615915158556
25.02382518445091
25.023057548312167
25.02231241369266
25.021589200038164
25.02088733911454
25.020206274831974
25.019545463068972
25.018904371496205
25.018282479400263
25.017679277507536
25.017094267808197
25.016526963380464
25.015976888215246
25.015443577041182
25.014926575150266
25.01442543822405
25.013939732160583
25.01346903290211
25.013012926263627
25.01257100776239
25.01214288244837
25.011728164735835
25.011326478236
25.010937455590913
25.01056073830855
25.01019597659921
25.009842829213316
25.009500963280527
25.009170054150367
25.008849785234315
25.008539847849434
25.008239941063568
25.007949771542144
25.007669053396622
25.007397508034607
25.007134864011675
25.006880856884916
25.00663522906825
25.0063977296895
25.00616811444926
25.005946145481612
25.00573159121665
25.005524226244855
25.00532383118334
25.005130192543973
25.004943102603367
25.004762359274793
25.00458776598195
25.004419131534675
25.004256270006554
25.004099000614417
25.00394714759978
25.00380054011218
25.003659012094403
25.003522402169647
25.00339055353057
25.003263313830217
25.003140535074884
25.003022073518796
25.00290778956073
25.002797547642423
25.002691216148918
25.00258866731066
25.002489777107517
25.00239442517452
25.00230249470948
25.002213872382363
25.002128448246427
25.00204611565114
25.001966771156816
25.001890314450986
25.001816648266487
25.0017456783012
25.001677313139513
25.001611464175372
25.001548045537024
25.00148697401332
25.001428168981665
25.001371552337467
25.00131704842521
25.00126458397101
25.00121408801671
25.001165491855424
25.001118728968603
25.001073734964493
25.00103044751804
25.00098880631222
25.000948752980683
25.000910231051837
25.0008731858942
25.000837564663108
25.00080331624869
25.000770391225128
25.00073874180116
25.000708321771803
25.000679086471294
25.00065099272719
25.000623998815666
25.000598064417904
25.000573150577644
25.000549219659792
25.000526235310147
25.00050416241614
25.00048296706861
25.000462616524644
25.00044307917133
25.000424324490535
25.00040632302462
25.000389046343077
25.000372467010095
25.000356558552998
25.000341295431554
25.00032665300817
25.000312607518875
25.000299136045147
25.000286216486533
25.00027382753404
25.000261948644294
25.000250560014432
25.000239642557734
25.00022917787996
25.00021914825635
25.00020953660935
25.000200326486965
25.00019150204174
25.00018304801041
25.000174949694117
25.00016719293925
25.000159764118873
25.000152650114675
25.00014583829952
25.000139316520514
25.00013307308258
25.00012709673258
25.00012137664389
25.00011590240148
25.000110663987474
25.000105651767154
25.00010085647538
25.000096269203524
25.000091881386716
25.0000876847916
25.00008367150441
25.00007983391949
25.000076164728153
25.000072656907918
25.0000693037121
25.00006609865974
25.000063035525883
25.00006010833217
25.000057311337738
25.00005463903043
25.000052086118327
25.00004964752153
25.00004731836424
25.000045093967103
25.000042969839836
25.000040941674076
25.00003900533651
25.00003715686221
25.000035392448225
25.000033708447393
25.00003210136236
25.000030567839833
25.000029104664993
25.000027708756168
25.000026377159635
25.000025107044657
25.00002389569866
25.000022740522617
25.000021639026578
25.00002058882536
25.000019587634423
25.00001863326586
