9.624884895529357
49.816277539246656
27.41285929291862
49.32425869249234
36.658650658834475
46.45837488528061
22.211145918008317
21.100668458776887
17.667282646758952
15.054900977464042
19.618679319146597
26.59227675147825
23.661976767905106
41.63871510854242
3.458716243271293
10.38232910953425
32.93871519015962
3.0935515939107594
40.00002902941219
39.66249033889903
17.363257313503112
31.691988407249188
12.32972666733082
48.04068385082794
37.9623862739041
13.1173750381191
11.13408936586367
32.14943974127104
6.156328143552603
29.592418240131067
12.423388526055145
31.880399846047297
8.93000602813635
25.401601903660197
21.46591030584956
1.152421998014741
15.055949273178399
7.5294322286082735
40.65473436788663
16.06234746053096
36.54551599621871
30.597757450873498
43.977579634564215
37.48884359463332
26.45981923353226
28.213342158047393
24.935052757737203
12.44876373947591
2.6010725486189767
0.7731219418427804
37.306548601201115
32.84925608044071
6.5421190411586725
48.4818018901025
9.240375745669544
23.781239777606523
46.28618300372244
21.291741421921927
2.6104360978356445
37.08648494040692
44.90176646712018
20.024990376136735
30.324505584524893
37.22708128341015
3.4468882219680532
42.23040715886525
27.759461728900455
34.99349400925328
15.864350211578243
28.54169587245815
13.91993882605394
49.62877884114138
49.90871406860171
26.604657445460965
25.718971185847554
48.520914155565784
45.91936935372803
13.672142542094722
31.375819164224332
28.955537170750507
45.420610362058106
43.07832823908815
17.10773847362428
4.261728427276484
6.426115283511069
37.237652772015686
35.541466867626376
32.939883175791564
34.5282688397398
1.0205490428245423
26.582322996986967
30.454463877617233
2.9818049590534077
45.480423130774824
14.40013444914478
26.207478579260524
16.987296878600432
45.562387398417826
40.84457780586441
35.00348865454262
31.634285652568618
12.538815920877855
0.03764443266796591
12.837039216253581
26.712236275711398
4.841672330344621
30.398324580222834
5.779562422624224
26.474653242119643
16.276954852205495
44.3573387511971
45.45926874310109
40.68945272483455
6.278307967011221
28.683599004244805
3.7221564716436895
22.083421175868658
12.891251627037049
12.656982686061596
26.030426036915493
35.39848099199903
18.715856660624702
24.996677108457455
15.54800934698094
2.438338830108683
13.120329848831403
32.49958036309379
30.52911948771777
11.581211939150526
17.458941791147897
44.66211189923654
12.733613715117736
1.5807019656349952
12.44575007083486
31.54899038781921
43.2642216866644
20.066742481116943
13.838511325263136
36.09360688806283
34.43738666848666
17.682359383574603
4.8047425717733185
6.055363526406937
13.983568615685805
0.7135617569208053
34.52897165892632
33.873827693622346
6.060096497764383
33.9171253802042
35.738340931615554
39.400079274680046
7.390357374262163
11.704797865055744
34.48965974521472
47.80543061095906
9.527399209352861
6.4540337675522474
13.48132061787773
47.952932986033154
46.19382343475421
15.18364260159551
28.02744946362134
35.02755815135876
27.01450784433177
5.337121500494735
32.630917341283485
49.690103913502895
2.12910075727617
26.36322144128569
45.901480967701254
41.69354755201464
11.877607296674919
49.87737020406661
13.195693623532945
21.619195535115004
25.199410852924785
36.133127224390996
48.42684291312433
26.77396226674481
5.02298158024837
44.158122876786834
39.766812315537926
30.112454632784907
38.262419359353764
16.32003858865846
20.44531258407771
21.22340778994059
44.465264281938296
3.1011328501874216
44.45855100044721
19.462162312881446
24.44949798656199
8.543513945728687
40.973039573007796
14.91024054158046
12.736721903676084
21.008791995054377
28.836195211797026
26.73099804070778
47.658120226205156
24.755859986625207
17.451732554276905
18.831942191391782
5.397735421748706
2.732193527795468
36.66377729041841
26.51411251552466
2.824267550305115
19.266696563338638
42.6860653262234
48.48147891421009
29.30232265892795
40.95961956101035
27.145253711881562
39.56009480574168
2.62324834957301
12.319851633420148
37.63563117133282
10.500882223956149
19.005391025749546
2.0502711071049617
41.74632084944596
37.48185429142615
38.09072600718411
47.11980012771137
33.73392464701628
30.57644845512113
38.33237159233038
12.50580658362308
13.174201727726075
39.637591180473365
46.217938182837706
5.796783810799278
12.729404864316079
26.403376661443122
44.05577214568744
1.9293586475408686
12.335401095447802
41.84244287465928
27.776568471043255
5.109056921349264
21.139653447294794
39.05840611473477
43.44728566832175
26.947819569975422
10.441826718965096
18.491529432033836
35.29451377446263
3.4730776827325505
46.07727216017416
43.92232751739865
30.943027500614516
18.45661407795538
25.026967669439305
40.437016285500135
23.364704335562696
14.53959179181608
46.898849788312724
13.941862945812067
4.904977097118807
34.925674523157966
4.03130129915808
10.199481940204475
42.84599017448339
10.619047284317313
44.21488394214835
7.035691917970888
2.331597524464751
22.418409076283623
37.99420320563877
28.19088098641094
19.36586389334979
8.288135370107947
20.66257254317768
8.146612397714753
17.529338378415627
9.710452112990769
44.3662563137249
4.963204927842546
29.716120956414766
17.433925859153028
10.152850707476258
9.264949246011705
28.38306682251564
2.996658089826354
10.501664078318502
32.49091318349866
38.29499674120887
32.72746651115387
9.354557479952947
0.06787840796588229
47.462335146177544
46.09035462364247
23.914644144799457
10.746440475853003
17.334982048143544
13.1106546009145
47.59233576072573
29.429223293024048
22.476757659726154
43.455590944857185
9.37751399599353
17.081463508459034
40.64376523487935
10.921956653502319
25.051930960523894
23.766177568529283
39.49933879250274
26.233025954929168
4.8405683616525526
49.27451858570882
44.47984578593331
16.681625852764583
30.94199266429089
40.56664248403762
24.06938154177343
26.114816973579654
33.67103320669106
0.9107421038365149
20.13491930543329
8.478509826720604
3.7211525870824493
44.06008542584659
47.602648091605325
0.2845370672451164
12.754925385923826
27.826417371795593
34.54259612353967
4.114066533134608
1.217038220772837
35.184738782211625
13.537521601226105
29.097463651789408
12.613103729041885
3.666787067187011
38.96445761118545
34.253479961762096
3.0503352571251643
38.56839288146152
29.820342559578094
48.7166618335419
40.912472383009465
11.973442488333935
20.80234983316558
46.9007310262579
18.357029265033287
14.463179068159448
40.106465408666864
1.3198379064136012
11.89600105552725
24.93872246531776
0.03491721613628207
32.632910315100034
39.7888227779381
18.54568146209153
16.345192030665057
18.69451681461165
36.84658698543055
15.866934040253277
14.782374470477489
31.873538251036987
48.386012829578604
16.123703648127513
1.9496904978001606
44.797652289213374
0.27847032488687584
22.54384117130927
48.42421671785166
38.23659030930447
35.140040639024164
1.9711989615616154
13.249606219422644
1.4081649158957321
17.15186296866581
14.113832485110429
9.487525525383589
37.01165313735491
3.993244320328043
45.786074600603314
1.5723505614507305
10.373161485725536
47.20766293992422
13.326422785543363
3.4972098674512564
18.82764978000178
39.53620176100379
9.523268312699795
35.986133527877705
34.13262213802113
40.2666570749073
34.66469167126087
17.29904409979885
21.83283097082917
48.74330884113679
5.624974796244786
17.922242437877774
7.800170370411397
22.77547834710537
1.3433784731316012
29.041756981762795
30.436235273993695
45.86477152910257
29.623346692377485
29.993475492182736
8.991228291936954
14.211662270557495
8.41092509992125
5.411745372855337
38.256218026897756
49.72056300579358
9.744998932890875
0.346449754029754
38.865369278200006
39.43566208613577
30.294386666416813
24.72404948217943
9.915113830369343
20.974650693038953
19.820094361178427
32.59907865032999
3.707060178074706
33.19798902990508
3.4490435255874807
48.20345099953956
1.2214411599822506
1.7438465951599535
6.765711478697211
14.474767586728653
38.41860744306212
26.698403509833625
45.20765390807966
2.361609223077582
16.209340654799952
9.565280782903884
18.849556598702865
7.252714357246165
7.151049825920818
35.66903606609942
20.57420515569547
38.14511357472201
40.73779990900813
4.628828836009097
6.183951569290974
10.954029274842657
13.42890511581269
41.84021547769496
31.61780959843824
39.754279014413754
15.248753731513725
25.222549324968696
36.62706732978052
8.179852765728779
24.93071207185323
19.31691782093599
46.68298375672985
49.897453841243085
36.35492009360704
32.852329455662435
18.068759816315914
20.805296507776124
48.538752852955554
45.0691272096717
47.63021388156085
37.446713199577474
36.89018518960769
20.427665416217415
4.340282909869186
41.547121690932165
44.866133025219284
35.913472387286994
43.0845119770359
38.07281638328986
47.610992524331124
48.85823915812011
49.84763098961148
47.3633857760328
26.415372205952494
20.66329796171181
1.6624289610321974
20.282164183390645
26.63566960504285
47.287158013257155
35.189721585505566
29.51952043264534
16.05544922545434
4.389995894947901
15.470140108781044
32.065867356805015
33.71390091903221
5.354200987936136
20.23851806511578
29.764660375351998
13.3738520777404
21.459630186721547
21.330538327135677
7.987537693939329
8.640273458575587
20.423085359579197
37.0725705419426
2.1831787748112843
46.50998977521126
4.920180377218858
49.65946786754886
13.934024898406333
22.33036244703533
36.07169869843793
3.0496760962085254
46.38300234651902
42.25094383801677
2.0998796416944634
19.45931946643545
30.039883909754362
33.39941082771143
8.715354471101854
20.634891671658306
46.88969930580905
14.43853115965359
48.88733962627298
23.624875068133882
4.104597273590943
21.534354545986407
19.124263297776984
0.21405696144168318
9.028761307770145
28.249216107118645
30.446603028515373
14.595071733144149
47.93320536169156
31.822341974034973
1.9462631215434179
41.11612668962622
24.326047555275675
20.61554790077025
44.727433644101254
3.2017401708991144
17.543518812336995
31.91988250414634
3.7706973445238825
28.610205593570313
40.531450955114366
44.42173475266393
38.8859320126127
29.374076552881267
9.588749376755729
7.255727978899324
41.22155722512516
14.834968535478149
32.0813215334488
28.119751407856832
21.261683198597638
39.572683116703466
37.147705755075854
10.881861219603339
44.98860261186853
21.64828371430449
47.95110832884186
3.370234001757133
13.193997966401728
27.23449482842038
21.14247565593605
26.97719232806819
37.580095051285085
17.677813839370383
16.232481163563744
43.450185256863136
49.785670902480206
7.75628466260731
19.813833496092077
21.39459482909706
9.402866924907283
0.4757075768839769
22.658695254094415
39.51450024431838
21.8589106421773
7.890340173466765
9.174991145348649
38.28827396422522
7.85339015171092
16.296299299012716
15.68403430252011
42.255283293529736
6.671029566004166
30.969964951505524
7.3754217481114885
29.513098627731654
47.153517609775804
3.324255267442516
12.783376974811722
2.423983832803922
18.50821473864148
34.32693001029906
7.009033776144441
25.80955349361393
38.12157567291405
41.371597862371566
47.37364343402463
34.62188460376681
11.411538956553358
13.129584198927807
18.376137033184946
11.450565599235746
27.320409140167413
18.847003023289698
16.74320484682934
32.169342454494554
21.219443426766237
27.734621201346748
0.9262164061180245
40.09210813670605
14.90369445947845
33.21290294200773
26.40703174252661
36.24643271740145
19.786337545720546
5.4841324339730875
24.463239150823224
22.020429362832772
26.030966014605166
45.602623320614484
14.14951814285192
38.52557665256444
46.497228276023165
34.66069105849281
0.5126193305060867
5.09861769991865
42.79120302390304
38.19240861145956
9.308102882458218
35.786354835017825
34.108410186027314
44.94116837348731
8.207348184803454
34.75668604344388
38.074545309951155
27.39059869228627
25.914128728095022
16.18738193233884
2.2908289062184783
48.936188253859505
16.65473832841837
48.83019309064089
11.123645545687449
39.0773535668952
31.673107660654807
45.91930945733218
25.08145481725965
16.083616226109864
3.237261336321845
38.727569678048255
14.684379197593012
9.17983286840698
18.7604756013605
5.012447262815062
19.33403526972019
12.92749240488844
34.70056367142219
2.196973879835362
37.57893607579957
0.5951863601711849
47.62138173479097
5.2935484105797626
8.517895853598151
21.752569709081293
40.85681210196956
8.929790983587932
31.031953620103092
42.36188307990336
25.631924362231988
1.0232890575827436
45.350438347891924
22.25765595345035
41.38481755435133
45.44551097582472
39.36062710863064
22.2698687763677
27.81705756763112
15.16710266999456
35.67496048445514
0.47365325038885575
46.30250214846674
3.1903803524320318
35.686990483604426
12.935710280164542
26.921558748418494
30.25236666234034
3.557361249015406
41.138923902996375
6.11436789744827
12.105285527395948
49.10822682055648
16.78898403525083
23.241771439615768
31.649255266567984
32.861355682697244
39.04715013598511
28.0648524123078
34.12255405726131
29.477224359696425
18.482127323620706
25.264512502765335
28.945655548982895
14.728987688772433
25.884910954343145
25.371417420627097
40.60860286408954
45.63965736951012
35.225421362389426
20.634589659043552
43.082581668608874
4.540535856232375
8.359230890589442
14.984547974920304
37.381173306252194
40.46808412908084
45.37932874258637
24.45454910963674
12.967321384051566
30.572727782851437
30.496679481240342
46.712455137821884
4.219383607166494
47.9313189298822
11.073707900688035
42.241228235905574
46.52859904165599
2.8080985595967114
42.58699381200458
13.572985807893273
18.750137467615108
42.77518531307352
45.39100440291875
27.716491686378834
25.72123251298168
8.694345348063342
12.663735152836086
16.588461596921018
45.750925259531535
30.82734662900114
38.51834125413959
48.77214338475015
0.24555423569709856
36.309290285512056
43.51574965152969
10.974393665602044
12.807028198257736
25.389890338267236
8.950564091549484
39.609975282896755
11.120797536736903
20.74289963117121
19.2195213123364
3.5772458081617495
20.306389696510074
30.382775862478617
19.679430550037512
21.880627606504984
8.426396757701509
47.65003440474136
42.185056520425825
7.2855392524795
2.213940205750098
24.052023952771645
7.292235454695339
2.4383960369063375
40.03508029216068
14.626857845368846
2.297768329353922
19.986556055858077
30.026595745259225
37.86292627638008
1.362210753712717
29.436260977448097
26.56144531355194
48.65004466318592
8.645615621677333
6.3230541611888675
20.016569409602347
20.183693658645513
40.13947491031457
43.72363437517882
46.92072465864981
24.4251246055631
37.38247900265389
31.282234012950077
7.769931951307724
7.418924520643644
19.83170975541213
11.861365545927027
8.36062385342007
19.89900721546647
41.20271904478997
19.92894570765741
4.378738221133682
10.735060064278418
36.1267176579793
17.59650002775285
26.72482211893466
5.818289404117927
25.199761405564896
5.813255647956483
22.054585528920317
13.323993220034113
18.359175591289272
17.014691569844892
32.62074481751653
48.778842835059805
49.182217163750146
33.3199191844533
6.012546334922531
21.291317102688197
36.987726830062336
42.21694299963985
43.6318745651658
21.80586578946384
46.97632737539364
32.40626170864228
25.991751726096613
27.004228323653383
42.35635390573943
26.504688908932707
25.73928140898844
35.15373068041276
18.090925596639686
34.1315048416348
42.676153150546824
44.417198494403785
24.966708442597962
16.179984111770302
21.98405104286165
20.58626087642532
30.616360092819793
46.110732480530686
28.194136071077775
35.24126702519483
11.65065889399135
44.3292581186821
8.504462469500307
22.991934434845994
14.005523680608773
13.010206616322767
41.16309365668099
1.2663332832285157
32.999168088968645
11.282423278593118
45.96685436150818
35.92667359494403
38.70460151792125
14.80057593363865
32.09352977449995
10.349659981771818
48.31261371240922
42.84387987474475
35.482581284849324
7.189648776552332
21.433439781871062
6.753305862181946
32.37052542748987
47.94677472247096
15.881300068514031
35.32519495624648
29.374890654768514
16.828303531569006
12.847522818817225
31.69930881359415
14.659684302766873
0.7054685744378786
47.315466737659754
31.518098356641737
2.347895646385573
20.845232626016763
22.191412650447933
11.074396314554031
44.49562510896756
30.175083692691363
32.63583243200082
48.47648720750565
42.23647313359859
13.351514880945237
26.41121644596464
30.524639738227826
34.07621880411598
12.336684943495941
44.02441620738111
36.14466589313747
3.1219082899781814
46.299812162654774
47.21208358993802
24.784415292596012
13.034463778444572
25.578935142631416
43.6901960861671
13.051005317293408
41.98762719801467
21.812796824823792
27.09774544363574
38.23287131368084
10.912125247352499
30.292773878617616
18.675232318089396
21.301299009780294
49.55326998739324
28.57071740019867
13.519114832934264
4.024460585723682
8.594814261767796
25.729408148168105
9.524645263516817
23.356697766239215
31.11687220893018
3.5691013813000105
49.43828282269684
11.224914935047032
34.16756140256972
46.108976754811444
8.606532551504964
3.7537145977375177
39.155314392787034
43.44625748432284
21.588450402851095
48.82169423371977
29.040046117746016
26.257323239233166
16.81859553209516
30.706472848713517
20.01118617562543
42.46483247078976
21.53597284551684
12.466775456870149
22.378031127258385
13.859949385663107
36.57217619619341
9.01238333091922
4.4346689301224265
49.823335340164796
25.468046713680888
2.3656011885543116
1.4858697084560168
39.055855361499866
0.45575015077228276
27.034775561036383
37.64367361229587
20.09678495030191
44.94476269559632
6.5579522678678615
26.565235454584435
45.11798410412726
37.9707766766559
36.91572513877473
49.802067448425284
13.164297682818654
36.2957811714608
49.891277242632896
28.294805221267932
47.48805476813286
49.268842358593425
10.802157421560826
34.975289637412416
13.524068980165815
9.083308428037174
23.84270335128788
8.724238423268133
36.43015591522403
28.203700794761343
5.767412419853823
33.269446938389834
46.933330872163744
18.709713654519007
10.324637327353475
19.201912519217878
5.715023414126108
18.298721351612663
29.187699719328673
43.494082779076884
30.062654394758255
26.16434880767168
4.761655886966087
17.1710120348844
10.622758486007793
9.234010827381756
28.61045982518535
9.972963329011064
40.65521780870242
10.718602101191921
38.41275469792417
40.202692925123905
24.669298821323338
43.79956883800598
14.703946417208503
41.12925130417959
14.691899805723374
27.34631872205659
32.40666135664903
8.636479699163097
26.171211392450093
39.60229237562462
27.000062271127177
35.002686680435446
19.406040667966927
30.07523541715427
42.957602311472556
