25.00
25.31
25.63
25.94
26.24
26.55
26.84
27.13
27.41
27.68
27.94
28.19
28.42
28.64
28.85
29.05
29.22
29.38
29.52
29.65
29.76
29.84
29.91
29.96
29.99
30.00
29.99
29.96
29.91
29.84
29.76
29.65
29.52
29.38
29.22
29.05
28.85
28.64
28.42
28.19
27.94
27.68
27.41
27.13
26.84
26.55
26.24
25.94
25.63
25.31
25.00
24.69
24.37
24.06
23.76
23.45
23.16
22.87
22.59
22.32
22.06
21.81
21.58
21.36
21.15
20.95
20.78
20.62
20.48
20.35
20.24
20.16
20.09
20.04
20.01
20.00
20.01
20.04
20.09
20.16
20.24
20.35
20.48
20.62
20.78
20.95
21.15
21.36
21.58
21.81
22.06
22.32
22.59
22.87
23.16
23.45
23.76
24.06
24.37
24.69
25.00
25.31
25.63
25.94
26.24
26.55
26.84
27.13
27.41
27.68
27.94
28.19
28.42
28.64
28.85
29.05
29.22
29.38
29.52
29.65
29.76
29.84
29.91
29.96
29.99
30.00
29.99
29.96
29.91
29.84
29.76
29.65
29.52
29.38
29.22
29.05
28.85
28.64
28.42
28.19
27.94
27.68
27.41
27.13
26.84
26.55
26.24
25.94
25.63
25.31
25.00
24.69
24.37
24.06
23.76
23.45
23.16
22.87
22.59
22.32
22.06
21.81
21.58
21.36
21.15
20.95
20.78
20.62
20.48
20.35
20.24
20.16
20.09
20.04
20.01
20.00
20.01
20.04
20.09
20.16
20.24
20.35
20.48
20.62
20.78
20.95
21.15
21.36
21.58
21.81
22.06
22.32
22.59
22.87
23.16
23.45
23.76
24.06
24.37
24.69
25.00
25.31
25.63
25.94
26.24
26.55
26.84
27.13
27.41
27.68
27.94
28.19
28.42
28.64
28.85
29.05
29.22
29.38
29.52
29.65
29.76
29.84
29.91
29.96
29.99
30.00
29.99
29.96
29.91
29.84
29.76
29.65
29.52
29.38
29.22
29.05
28.85
28.64
28.42
28.19
27.94
27.68
27.41
27.13
26.84
26.55
26.24
25.94
25.63
25.31
25.00
24.69
24.37
24.06
23.76
23.45
23.16
22.87
22.59
22.32
22.06
21.81
21.58
21.36
21.15
20.95
20.78
20.62
20.48
20.35
20.24
20.16
20.09
20.04
20.01
20.00
20.01
20.04
20.09
20.16
20.24
20.35
20.48
20.62
20.78
20.95
21.15
21.36
21.58
21.81
22.06
22.32
22.59
22.87
23.16
23.45
23.76
24.06
24.37
24.69
25.00
25.31
25.63
25.94
26.24
26.55
26.84
27.13
27.41
27.68
27.94
28.19
28.42
28.64
28.85
29.05
29.22
29.38
29.52
29.65
29.76
29.84
29.91
29.96
29.99
30.00
29.99
29.96
29.91
29.84
29.76
29.65
29.52
29.38
29.22
29.05
28.85
28.64
28.42
28.19
27.94
27.68
27.41
27.13
26.84
26.55
26.24
25.94
25.63
25.31
25.00
24.69
24.37
24.06
23.76
23.45
23.16
22.87
22.59
22.32
22.06
21.81
21.58
21.36
21.15
20.95
20.78
20.62
20.48
20.35
20.24
20.16
20.09
20.04
20.01
20.00
20.01
20.04
20.09
20.16
20.24
20.35
20.48
20.62
20.78
20.95
21.15
21.36
21.58
21.81
22.06
22.32
22.59
22.87
23.16
23.45
23.76
24.06
24.37
24.69
25.00
25.31
25.63
25.94
26.24
26.55
26.84
27.13
27.41
27.68
27.94
28.19
28.42
28.64
28.85
29.05
29.22
29.38
29.52
29.65
29.76
29.84
29.91
29.96
29.99
30.00
29.99
29.96
29.91
29.84
29.76
29.65
29.52
29.38
29.22
29.05
28.85
28.64
28.42
28.19
27.94
27.68
27.41
27.13
26.84
26.55
26.24
25.94
25.63
25.31
25.00
24.69
24.37
24.06
23.76
23.45
23.16
22.87
22.59
22.32
22.06
21.81
21.58
21.36
21.15
20.95
20.78
20.62
20.48
20.35
20.24
20.16
20.09
20.04
20.01
20.00
20.01
20.04
20.09
20.16
20.24
20.35
20.48
20.62
20.78
20.95
21.15
21.36
21.58
21.81
22.06
22.32
22.59
22.87
23.16
23.45
23.76
24.06
24.37
24.69
25.00
25.31
25.63
25.94
26.24
26.55
26.84
27.13
27.41
27.68
27.94
28.19
28.42
28.64
28.85
29.05
29.22
29.38
29.52
29.65
29.76
29.84
29.91
29.96
29.99
30.00
29.99
29.96
29.91
29.84
29.76
29.65
29.52
29.38
29.22
29.05
28.85
28.64
28.42
28.19
27.94
27.68
27.41
27.13
26.84
26.55
26.24
25.94
25.63
25.31
25.00
24.69
24.37
24.06
23.76
23.45
23.16
22.87
22.59
22.32
22.06
21.81
21.58
21.36
21.15
20.95
20.78
20.62
20.48
20.35
20.24
20.16
20.09
20.04
20.01
20.00
20.01
20.04
20.09
20.16
20.24
20.35
20.48
20.62
20.78
20.95
21.15
21.36
21.58
21.81
22.06
22.32
22.59
22.87
23.16
23.45
23.76
24.06
24.37
24.69
25.00
25.31
25.63
25.94
26.24
26.55
26.84
27.13
27.41
27.68
27.94
28.19
28.42
28.64
28.85
29.05
29.22
29.38
29.52
29.65
29.76
29.84
29.91
29.96
29.99
30.00
29.99
29.96
29.91
29.84
29.76
29.65
29.52
29.38
29.22
29.05
28.85
28.64
28.42
28.19
27.94
27.68
27.41
27.13
26.84
26.55
26.24
25.94
25.63
25.31
25.00
24.69
24.37
24.06
23.76
23.45
23.16
22.87
22.59
22.32
22.06
21.81
21.58
21.36
21.15
20.95
20.78
20.62
20.48
20.35
20.24
20.16
20.09
20.04
20.01
20.00
20.01
20.04
20.09
20.16
20.24
20.35
20.48
20.62
20.78
20.95
21.15
21.36
21.58
21.81
22.06
22.32
22.59
22.87
23.16
23.45
23.76
24.06
24.37
24.69
25.00
25.31
25.63
25.94
26.24
26.55
26.84
27.13
27.41
27.68
27.94
28.19
28.42
28.64
28.85
29.05
29.22
29.38
29.52
29.65
29.76
29.84
29.91
29.96
29.99
30.00
29.99
29.96
29.91
29.84
29.76
29.65
29.52
29.38
29.22
29.05
28.85
28.64
28.42
28.19
27.94
27.68
27.41
27.13
26.84
26.55
26.24
25.94
25.63
25.31
25.00
24.69
24.37
24.06
23.76
23.45
23.16
22.87
22.59
22.32
22.06
21.81
21.58
21.36
21.15
20.95
20.78
20.62
20.48
20.35
20.24
20.16
20.09
20.04
20.01
20.00
20.01
20.04
20.09
20.16
20.24
20.35
20.48
20.62
20.78
20.95
21.15
21.36
21.58
21.81
22.06
22.32
22.59
22.87
23.16
23.45
23.76
24.06
24.37
24.69
25.00
25.31
25.63
25.94
26.24
26.55
26.84
27.13
27.41
27.68
27.94
28.19
28.42
28.64
28.85
29.05
29.22
29.38
29.52
29.65
29.76
29.84
29.91
29.96
29.99
30.00
29.99
29.96
29.91
29.84
29.76
29.65
29.52
29.38
29.22
29.05
28.85
28.64
28.42
28.19
27.94
27.68
27.41
27.13
26.84
26.55
26.24
25.94
25.63
25.31
25.00
24.69
24.37
24.06
23.76
23.45
23.16
22.87
22.59
22.32
22.06
21.81
21.58
21.36
21.15
20.95
20.78
20.62
20.48
20.35
20.24
20.16
20.09
20.04
20.01
20.00
20.01
20.04
20.09
20.16
20.24
20.35
20.48
20.62
20.78
20.95
21.15
21.36
21.58
21.81
22.06
22.32
22.59
22.87
23.16
23.45
23.76
24.06
24.37
24.69
25.00
25.31
25.63
25.94
26.24
26.55
26.84
27.13
27.41
27.68
27.94
28.19
28.42
28.64
28.85
29.05
29.22
29.38
29.52
29.65
29.76
29.84
29.91
29.96
29.99
30.00
29.99
29.96
29.91
29.84
29.76
29.65
29.52
29.38
29.22
29.05
28.85
28.64
28.42
28.19
27.94
27.68
27.41
27.13
26.84
26.55
26.24
25.94
25.63
25.31
25.00
24.69
24.37
24.06
23.76
23.45
23.16
22.87
22.59
22.32
22.06
21.81
21.58
21.36
21.15
20.95
20.78
20.62
20.48
20.35
20.24
20.16
20.09
20.04
20.01
20.00
20.01
20.04
20.09
20.16
20.24
20.35
20.48
20.62
20.78
20.95
21.15
21.36
21.58
21.81
22.06
22.32
22.59
22.87
23.16
23.45
23.76
24.06
24.37
24.69