0.00,3.00,8.99,17.90,29.37,42.65,56.79,71.17,85.60,100.05,114.49,128.94,143.38,157.82,172.27,186.71,201.16,215.60,230.05,244.49,258.94,273.38,287.82,302.27,315.66,328.07,339.59,350.29,360.22,369.44,378.01,385.98,393.39,400.29,406.71,412.69,418.26,423.45,428.28,432.79,440.28
563.36,577.80,592.25,606.69,621.14,635.58,650.03,664.47,678.92,693.36,707.80,722.25,736.69,751.14,765.58,780.03,794.47,808.92,823.36,837.80,852.25,865.28,877.05,887.70,897.33,906.06,913.98,921.17,927.71,933.65,939.06,943.99,948.49
1052.50,1066.90,1081.30,1095.70,1110.20,1124.60,1139.10,1153.50,1168.00,1182.40,1196.90,1211.30,1225.70,1240.20,1254.60,1269.10,1283.50,1298.00,1312.40,1325.70,1338.10,1349.40,1360.00,1369.70,1378.70,1387.00,1394.70,1401.90,1408.50,1414.70,1420.40,1425.70,1430.60,1435.20,1439.40,1446.60
1554.80,1569.20,1583.70,1598.10,1612.60,1627.00,1641.40,1655.90,1670.30,1684.80,1699.20,1713.70,1728.10,1742.60,1757.00,1771.40,1785.90,1800.30,1813.70,1826.20,1837.70,1848.40,1858.40,1867.70,1876.30,1884.30,1891.80,1898.70,1905.20,1911.20,1916.80,1922.10,1927.00,1931.50,1935.80,1939.70,1943.50,1946.90
2054.60,2069.00,2083.40,2097.90,2112.30,2126.80,2141.20,2155.70,2170.10,2184.60,2199.00,2213.40,2227.90,2242.30,2256.80,2271.20,2285.70,2300.10,2314.60,2329.00,2343.40,2357.90,2372.30,2386.80,2401.20,2415.70,2430.10,2444.60
2560.10,2574.60,2589.00,2603.40,2617.90,2632.30,2646.80,2661.20,2675.70,2690.10,2704.60,2719.00,2733.40,2747.90,2762.30,2776.80,2791.20,2805.70,2819.00,2831.40,2842.90,2853.50,2863.40,2872.50,2881.00,2888.90,2896.20,2903.10,2912.70,2924.80,2938.40
3053.70,3068.10,3082.60,3097.00,3111.50,3125.90,3140.40,3154.80,3169.20,3183.70,3198.10,3212.60,3227.00,3241.50,3255.90,3270.40,3284.80,3299.20,3313.70,3327.00,3339.30,3350.70,3361.20,3370.90,3379.80,3388.10,3395.80,3402.90,3409.50,3415.70,3421.30,3426.60,3431.50,3436.00,3440.20,3444.10,3447.80
3554.80,3569.20,3583.60,3598.10,3612.50,3627.00,3641.40,3655.90,3670.30,3684.70,3699.20,3713.60,3728.10,3742.50,3757.00,3771.40,3785.90,3800.30,3813.70,3826.10,3837.70,3848.40,3858.40,3867.60,3876.30,3884.30,3891.70,3898.70,3905.10,3911.20,3916.80,3922.00,3926.90,3931.50,3935.70,3939.70,3943.40,3946.90
4058.20,4072.60,4087.10,4101.50,4116.00,4130.40,4144.90,4159.30,4173.80,4188.20,4202.60,4217.10,4231.50,4246.00,4260.40,4274.90,4289.30,4303.80,4318.20,4332.60,4347.10,4361.50,4376.00,4390.40,4404.90,4419.30,4433.80,4448.20
4563.80,4578.20,4592.60,4607.10,4621.50,4636.00,4650.40,4664.90,4679.30,4693.80,4708.20,4722.60,4737.10,4751.50,4766.00,4780.40,4794.90,4809.30,4822.70,4835.00,4846.40,4857.00,4866.80,4875.90,4884.30,4892.10,4899.30,4906.00,4912.20,4918.00,4923.40,4928.40,4933.10,4937.40,4941.40,4945.20,4948.70
