3.00,5.99,8.91,11.47,13.28,14.14,14.38,14.43,14.44,14.44,14.44,14.44,14.44,14.44,14.44,14.44,14.44,14.44,14.44,14.44,14.44,14.44,14.44,13.39,12.42,11.52,10.69,9.93,9.22,8.57,7.97,7.41,6.90,6.42,5.98,5.57,5.19,4.84,4.51,7.48,10.27
14.44,14.44,14.44,14.44,14.44,14.44,14.44,14.44,14.44,14.44,14.44,14.44,14.44,14.44,14.44,14.44,14.44,14.44,14.44,14.44,13.03,11.77,10.64,9.64,8.73,7.92,7.19,6.53,5.94,5.41,4.93,4.50,4.10
14.40,14.44,14.44,14.44,14.44,14.44,14.44,14.44,14.44,14.44,14.44,14.44,14.44,14.44,14.44,14.44,14.44,14.44,13.33,12.31,11.38,10.52,9.73,9.00,8.33,7.72,7.15,6.63,6.15,5.71,5.30,4.92,4.57,4.25,7.23,10.04
14.44,14.44,14.44,14.44,14.44,14.44,14.44,14.44,14.44,14.44,14.44,14.44,14.44,14.44,14.44,14.44,14.44,13.40,12.44,11.55,10.72,9.97,9.26,8.62,8.02,7.46,6.95,6.47,6.03,5.62,5.24,4.89,4.56,4.26,3.97,3.71,3.47,3.24
14.44,14.44,14.44,14.44,14.44,14.44,14.44,14.44,14.44,14.44,14.44,14.44,14.44,14.44,14.44,14.44,14.44,14.44,14.44,14.44,14.44,14.44,14.44,14.44,14.44,14.44,14.44,14.44
14.44,14.44,14.44,14.44,14.44,14.44,14.44,14.44,14.44,14.44,14.44,14.44,14.44,14.44,14.44,14.44,14.44,13.37,12.38,11.47,10.63,9.86,9.15,8.49,7.89,7.33,6.81,9.66,12.06,13.60,14.24
14.44,14.44,14.44,14.44,14.44,14.44,14.44,14.44,14.44,14.44,14.44,14.44,14.44,14.44,14.44,14.44,14.44,14.44,13.32,12.30,11.36,10.49,9.70,8.97,8.30,7.69,7.12,6.60,6.12,5.67,5.26,4.89,4.54,4.22,3.92,3.64,3.39
14.44,14.44,14.44,14.44,14.44,14.44,14.44,14.44,14.44,14.44,14.44,14.44,14.44,14.44,14.44,14.44,14.44,13.40,12.44,11.55,10.72,9.97,9.26,8.62,8.02,7.46,6.95,6.47,6.03,5.62,5.24,4.89,4.56,4.26,3.98,3.71,3.47,3.24
14.44,14.44,14.44,14.44,14.44,14.44,14.44,14.44,14.44,14.44,14.44,14.44,14.44,14.44,14.44,14.44,14.44,14.44,14.44,14.44,14.44,14.44,14.44,14.44,14.44,14.44,14.44,14.44
14.44,14.44,14.44,14.44,14.44,14.44,14.44,14.44,14.44,14.44,14.44,14.44,14.44,14.44,14.44,14.44,14.44,13.35,12.35,11.42,10.57,9.79,9.07,8.41,7.80,7.23,6.71,6.23,5.79,5.38,5.00,4.65,4.33,4.03,3.75,3.50,3.26
