0.00,3.00,9.00,17.92,29.50,43.08,57.79,72.92,88.17,103.44,118.72,133.99,149.27,164.55,179.83,195.10,210.38,225.66,240.94,256.21,271.49,286.77,302.05,316.15,329.16,341.19,352.30,362.58,372.09,380.89,389.05,396.60,403.60,410.09,416.12,421.71,426.90,431.72,436.20,440.37,447.52
560.05,575.33,590.61,605.89,621.16,636.44,651.72,667.00,682.28,697.55,712.83,728.11,743.39
850.33,865.61,880.89,896.16,911.44,926.72,942.00,957.28,972.55,987.83,1003.10,1018.40,1033.70,1048.90,1064.20,1079.50,1094.80,1110.10,1125.30,1140.60
1262.80,1278.10,1293.40,1308.70,1323.90,1339.20,1354.50,1369.80,1385.10,1400.30,1415.60,1430.90,1446.20,1461.40,1476.70,1492.00,1505.10,1516.40,1526.20,1534.70,1542.10,1548.50
1655.00,1670.20,1685.40,1700.70,1716.00,1731.30,1746.50,1761.80,1777.10,1792.40,1807.60,1822.90,1838.20,1853.50,1868.80,1884.00,1899.30,1914.60,1929.90,1945.10
2052.10,2067.40,2082.60,2097.90,2113.20,2128.50,2143.80,2159.00,2174.30,2189.60,2204.90,2218.90,2231.90,2243.90,2255.00,2265.20,2274.60,2283.40,2291.50,2302.30,2315.40,2329.90,2344.90
2451.80,2467.10,2482.30,2497.60,2512.90,2528.20,2543.50,2558.70,2574.00,2589.30,2604.60,2619.80,2635.10,2650.40,2665.70,2681.00,2696.20,2711.50,2726.80,2742.10,2757.30,2772.60,2787.90,2803.20,2817.30,2830.30,2842.30,2853.40,2863.60,2873.10,2881.90,2890.00,2897.50,2904.50,2911.00,2917.00,2922.50,2927.70,2932.50,2936.90,2944.40
3057.50,3072.80,3088.10,3103.30,3118.60,3133.90,3149.20,3164.50,3179.70,3195.00,3210.30,3225.60,3240.80,3256.10,3271.40,3286.70,3302.00,3317.20,3332.50,3347.80,3363.10,3378.30,3391.70,3403.40,3413.70,3422.80,3430.80,3437.80,3444.10,3449.70
3555.90,3571.10,3586.30,3601.60,3616.90,3632.10,3647.40,3662.70,3678.00,3693.20,3708.50,3723.80,3739.10,3754.40,3769.60,3784.90,3800.20,3815.50,3830.70,3846.00,3861.30,3876.60,3891.90,3907.10,3922.40,3937.70,3953.00,3968.20,3983.50,3998.80,4014.10,4029.40,4044.60,4059.90,4075.20,4090.50,4105.70,4121.00,4136.30,4151.60,4166.90,4182.10,4197.40,4212.70,4228.00,4243.20,4258.50,4273.80,4289.10,4304.40,4319.60,4334.90,4350.20,4365.50,4380.70,4396.00,4411.30,4426.60,4441.90
4557.50,4572.70,4587.90,4603.20,4618.40,4633.70,4649.00,4664.30,4679.60,4694.80,4710.10,4725.40,4740.70,4755.90,4771.20,4786.50,4801.80,4815.90,4828.90,4840.90,4852.10,4862.30,4871.90,4880.70,4888.80,4896.40,4903.40,4909.90,4915.90,4921.50,4926.70,4931.50,4936.00,4940.20,4944.10,4947.70
