3.00,6.00,8.92,11.57,13.59,14.71,15.13,15.24,15.27,15.28,15.28,15.28,15.28,15.28,15.28,15.28,15.28,15.28,15.28,15.28,15.28,15.28,14.10,13.02,12.03,11.12,10.28,9.51,8.80,8.15,7.55,7.00,6.49,6.02,5.59,5.19,4.82,4.48,4.17,7.15,10.01
15.28,15.28,15.28,15.28,15.28,15.28,15.28,15.28,15.28,15.28,15.28,15.28,15.28
15.28,15.28,15.28,15.28,15.28,15.28,15.28,15.28,15.28,15.28,15.28,15.28,15.28,15.28,15.28,15.28,15.28,15.28,15.28,15.28
15.28,15.28,15.28,15.28,15.28,15.28,15.28,15.28,15.28,15.28,15.28,15.28,15.28,15.28,15.28,13.12,11.30,9.77,8.48,7.38,6.44,5.63
15.16,15.25,15.27,15.28,15.28,15.28,15.28,15.28,15.28,15.28,15.28,15.28,15.28,15.28,15.28,15.28,15.28,15.28,15.28,15.28
15.28,15.28,15.28,15.28,15.28,15.28,15.28,15.28,15.28,15.28,14.08,12.99,11.98,11.06,10.22,9.44,8.73,8.08,10.84,13.08,14.47,15.06,15.23
15.28,15.28,15.28,15.28,15.28,15.28,15.28,15.28,15.28,15.28,15.28,15.28,15.28,15.28,15.28,15.28,15.28,15.28,15.28,15.28,15.28,15.28,15.28,14.09,13.01,12.01,11.09,10.26,9.48,8.77,8.12,7.52,6.97,6.46,5.99,5.56,5.16,4.79,4.45,7.43,10.26
15.28,15.28,15.28,15.28,15.28,15.28,15.28,15.28,15.28,15.28,15.28,15.28,15.28,15.28,15.28,15.28,15.28,15.28,15.28,15.28,15.28,13.36,11.71,10.29,9.06,8.00,7.08,6.27,5.57,4.95
15.15,15.25,15.27,15.28,15.28,15.28,15.28,15.28,15.28,15.28,15.28,15.28,15.28,15.28,15.28,15.28,15.28,15.28,15.28,15.28,15.28,15.28,15.28,15.28,15.28,15.28,15.28,15.28,15.28,15.28,15.28,15.28,15.28,15.28,15.28,15.28,15.28,15.28,15.28,15.28,15.28,15.28,15.28,15.28,15.28,15.28,15.28,15.28,15.28,15.28,15.28,15.28,15.28,15.28,15.28,15.28,15.28,15.28,15.28
15.14,15.25,15.27,15.28,15.28,15.28,15.28,15.28,15.28,15.28,15.28,15.28,15.28,15.28,15.28,15.28,14.10,13.02,12.03,11.12,10.28,9.52,8.81,8.16,7.56,7.01,6.50,6.03,5.60,5.20,4.83,4.49,4.17,3.88,3.61,3.36
